1577477510378,1134
1577532670258,1426
1577341594969,1400
1577588295847,1500
1577529917580,1352
1577390010771,1061
1577261934627,1477
1577410915398,1298
1577297962456,1363
1577311143584,1285
1577184319496,1228
1577183151986,1000
1577576464788,1044
1577539329795,1418
1577594860815,1446
1577561301626,1495
1577354718625,1495
1577339574716,1365
1577552041331,1288
1577337674550,1045
1577439432460,1499
1577305458426,1097
1577396552513,1154
1577453880335,1437
1577536704033,1271
1577409861502,1111
1577428338004,1023
1577577574480,1260
1577507264126,1439
1577284372402,1345
1577211418938,1299
1577532347286,1137
1577215843590,1387
1577240523729,1320
1577534828923,1056
1577305102475,1198
1577535176799,1327
1577180752790,1418
1577445298024,1460
1577600896261,1220
1577426934535,1023
1577529365701,1407
1577328253738,1075
1577452676763,1174
1577425483876,1083
1577559947983,1170
1577510124940,1347
1577497164539,1395
1577424221600,1372
1577360547219,1290
1577214055267,1338
1577232886537,1139
1577510438765,1425
1577218363228,1326
1577188626934,1193
1577254414260,1313
1577425425970,1087
1577582032155,1177
1577371647279,1165
1577608120124,1055
1577262426308,1349
1577417278164,1358
1577566045429,1391
1577440309309,1429
1577254274654,1356
1577562044285,1412
1577599283807,1374
1577609453041,1306
1577320901475,1221
1577186783476,1284
1577208251203,1019
1577604869029,1082
1577477450955,1227
1577245737797,1131
1577564406144,1471
1577324910403,1031
1577354282742,1366
1577482882888,1477
1577296274802,1085
1577469213110,1436
1577299115040,1339
1577393772329,1232
1577189651058,1400
1577406926700,1298
1577312117260,1047
1577410660616,1318
1577312677374,1403
1577337875032,1213
1577573619606,1259
1577254718210,1443
1577216084512,1305
1577539594030,1157
1577471215576,1288
1577287069186,1097
1577587740311,1272
1577509597109,1420
1577286606327,1374
1577395721892,1432
1577426193357,1074
1577408038841,1257
1577254370689,1269
1577188340845,1052
1577362929387,1464
1577342530434,1124
1577589481338,1013
1577531801495,1295
1577203345389,1374
1577554361483,1486
1577592319109,1172
1577505397993,1245
1577406187961,1405
1577592844402,1326
1577277662710,1338
1577607801880,1194
1577366497723,1452
1577434602531,1256
1577261974440,1394
1577219489684,1445
1577225322409,1360
1577341363885,1194
1577269344980,1236
1577253281928,1393
1577388357104,1171
1577273423752,1216
1577210229258,1447
1577188934409,1002
1577221730125,1102
1577549870243,1307
1577183768389,1105
1577455949112,1226
1577435558267,1408
1577506973731,1127
1577382839365,1261
1577306981539,1086
1577348561865,1158
1577195087006,1294
1577186116212,1421
1577512134715,1105
1577401189954,1324
1577495063593,1252
1577525582726,1156
1577413220107,1052
1577181940920,1124
1577182277698,1409
1577378050192,1294
1577549671953,1463
1577391570276,1145
1577329722602,1372
1577450857650,1464
1577224776640,1126
1577379972453,1012
1577347961602,1045
1577497424198,1354
1577398179208,1443
1577314763075,1155
1577487009324,1427
1577510544661,1247
1577453822018,1359
1577502455984,1471
1577553988207,1177
1577217222171,1356
1577218883463,1314
1577338867888,1447
1577308795801,1092
1577249923605,1193
1577252605671,1224
1577310470722,1480
1577317545467,1158
1577221947929,1453
1577319707892,1406
1577555442245,1329
1577462062236,1137
1577414538096,1014
1577446462242,1011
1577441901372,1169
1577290343824,1247
1577497894862,1484
1577322654569,1234
1577421069275,1136
1577463011397,1405
1577220391469,1163
1577209734759,1490
1577503845968,1405
1577317622433,1298
1577491981508,1494
1577517316065,1006
1577272003167,1275
1577400127127,1452
1577182814539,1139
1577329906503,1325
1577336598070,1160
1577256448393,1155
1577301051050,1414
1577509077574,1117
1577239072195,1158
1577322047068,1356
1577559555676,1056
1577387009709,1453
1577365768851,1057
1577439910576,1072
1577254904280,1142
1577337790179,1415
1577358672176,1015
1577373716231,1450
1577360314446,1011
1577491121971,1346
1577266105369,1229
1577569405101,1008
1577420617535,1235
1577288676868,1288
1577374568187,1356
1577610740854,1358
1577560055775,1410
1577595851115,1470
1577580879477,1417
1577380843276,1449
1577417763516,1208
1577536456372,1187
1577234403700,1342
1577555334241,1213
1577339326496,1038
1577205965764,1447
1577542194733,1069
1577338176105,1120
1577427827936,1279
1577233522094,1207
1577277076114,1404
1577596096298,1464
1577238649874,1270
1577247641638,1231
1577360309396,1361
1577525693439,1048
1577276939036,1031
1577492625638,1473
1577549928842,1500
1577584917194,1239
1577379442988,1480
1577250697920,1220
1577461930039,1189
1577181525556,1203
1577573604687,1153
1577187285472,1435
1577500223997,1108
1577224251037,1424
1577480943740,1119
1577456468889,1011
1577525949255,1470
1577399904208,1208
1577386864807,1242
1577602979087,1180
1577443264282,1320
1577520522424,1328
1577256180282,1026
1577356467734,1011
1577530328236,1490
1577460597460,1296
1577382843077,1233
1577608220562,1269
1577445328805,1177
1577385792132,1471
1577281388485,1104
1577313390379,1230
1577319825091,1254
1577416879981,1144
1577288996589,1476
1577243812700,1121
1577391583841,1047
1577188092144,1500
1577472754934,1137
1577535526501,1443
1577321837031,1073
1577424196886,1253
1577328872337,1043
1577440134845,1116
1577401901759,1381
1577252678582,1459
1577556010357,1458
1577560153097,1342
1577606953120,1173
1577322696433,1320
1577572446668,1028
1577432496994,1326
1577531381007,1029
1577196016050,1243
1577180522820,1266
1577352351080,1213
1577371581954,1280
1577452568109,1108
1577298507642,1039
1577595902399,1186
1577200912425,1035
1577531455911,1035
1577394697578,1472
1577265901706,1348
1577459624728,1319
1577334620690,1498
1577198907063,1213
1577473823452,1197
1577549913442,1030
1577486516831,1371
1577284179799,1286
1577193941262,1119
1577444565907,1474
1577491180386,1275
1577331440194,1358
1577345146334,1497
1577310270211,1009
1577408789085,1270
1577355392081,1161
1577561191105,1268
1577505811714,1452
1577265766189,1329
1577498510267,1382
1577381973020,1374
1577444229297,1236
1577415268894,1278
1577516203503,1412
1577450373343,1289
1577502163732,1487
1577342169671,1101
1577413926053,1085
1577225750495,1211
1577533329256,1451
1577249621472,1475
1577237255818,1349
1577393109162,1296
1577604085589,1195
1577298806018,1065
1577365025037,1457
1577447375270,1429
1577567931303,1121
1577302817497,1325
1577194368210,1137
1577318279118,1494
1577428074874,1048
1577527794909,1320
1577583763434,1353
1577214970619,1254
1577282912096,1087
1577422790984,1440
1577531363336,1231
1577598442560,1198
1577473132405,1311
1577435111153,1442
1577470826558,1377
1577523692071,1370
1577367924740,1240
1577304656004,1023
1577412428162,1469
1577553635590,1111
1577234228240,1382
1577550364335,1330
1577229381287,1483
1577547520840,1087
1577411022257,1072
1577537802472,1268
1577241744932,1088
1577377364742,1394
1577300162701,1370
1577380279043,1241
1577528516316,1023
1577530942267,1387
1577408503469,1161
1577258206016,1473
1577362192233,1311
1577320950711,1319
1577362390965,1050
1577456188659,1237
1577472635936,1006
1577537963939,1326
1577601917161,1261
1577418747433,1364
1577500664753,1259
1577477931483,1299
1577477707143,1279
1577508344617,1201
1577419718527,1046
1577379197608,1273
1577318885411,1389
1577245330585,1377
1577276153447,1132
1577231509649,1088
1577299769837,1032
1577402562617,1322
1577240911016,1188
1577468950228,1045
1577580852168,1043
1577395612387,1335
1577278789656,1266
1577247926395,1005
1577274172175,1435
1577205442852,1409
1577306159838,1294
1577182903134,1349
1577560691239,1247
1577237535661,1230
1577397286637,1033
1577457999618,1243
1577429081749,1186
1577445662661,1056
1577588923753,1186
1577355347145,1269
1577294914103,1091
1577277627297,1273
1577483034448,1024
1577229469310,1423
1577397553450,1075
1577416523739,1181
1577199709348,1411
1577532090750,1299
1577369868620,1354
1577568680430,1233
1577596756986,1127
1577516472651,1480
1577294673667,1329
1577384682435,1484
1577446340807,1239
1577288279769,1251
1577553102758,1038
1577533165770,1442
1577433315608,1112
1577371749940,1342
1577332953168,1320
1577355414477,1052
1577208633647,1500
1577269195425,1493
1577271013630,1039
1577262826534,1138
1577530350738,1353
1577489022905,1228
1577362983548,1305
1577448850976,1166
1577234362748,1267
1577608144447,1378
1577192712991,1004
1577286278490,1385
1577455865973,1419
1577480297187,1007
1577543688048,1440
1577394507316,1203
1577250147038,1386
1577247854420,1278
1577326329347,1473
1577507882134,1364
1577457327595,1074
1577406249130,1261
1577199266258,1076
1577339909993,1112
1577485094689,1164
1577456766060,1472
1577595798979,1232
1577283417011,1441
1577343544193,1219
1577598299147,1250
1577601914482,1350
1577198968708,1309
1577420976549,1366
1577464779856,1074
1577241688372,1050
1577256742547,1387
1577589892384,1465
1577288396314,1432
1577271804860,1431
1577425914596,1470
1577388160256,1175
1577390177108,1085
1577606146943,1219
1577242773130,1084
1577241490013,1043
1577194321041,1056
1577275290624,1219
1577268557134,1487
1577198064738,1108
1577543391307,1261
1577281355363,1443
1577313732912,1435
1577564154715,1353
1577332306594,1291
1577498173084,1241
1577411665081,1200
1577580019273,1275
1577397208515,1335
1577582618097,1456
1577425368816,1096
1577309698532,1237
1577381426716,1435
1577533205733,1357
1577223447089,1191
1577402939002,1406
1577441773511,1030
1577318485028,1434
1577251061611,1258
1577468036649,1338
1577370953511,1092
1577288790791,1328
1577428267917,1244
1577417578807,1129
1577583742968,1491
1577219866625,1039
1577465383133,1376
1577337424610,1374
1577419960869,1017
1577321903948,1124
1577209524046,1419
1577303562368,1490
1577325856225,1266
1577488346285,1078
1577202393908,1242
1577538748016,1473
1577399812303,1266
1577317240958,1089
1577461481243,1125
1577341510900,1057
1577242746620,1080
1577591316558,1416
1577456682099,1076
1577592305656,1293
1577326023940,1340
1577514781976,1212
1577508775579,1424
1577248468427,1474
1577199065340,1493
1577406348885,1186
1577372063242,1292
1577498601600,1094
1577582476648,1009
1577529397763,1001
1577596883524,1482
1577388360469,1446
1577570042718,1235
1577596897152,1035
1577542781846,1052
1577318240178,1223
1577347587046,1197
1577214038607,1252
1577405226440,1464
1577200247875,1232
1577517291138,1413
1577455186617,1069
1577258058980,1111
1577426428992,1298
1577532888046,1308
1577194343201,1374
1577511556031,1218
1577318887212,1125
1577347620616,1234
1577235609187,1472
1577513596781,1035
1577427167383,1096
1577391532859,1187
1577596266271,1412
1577293306528,1115
1577577036350,1142
1577195161184,1387
1577450800490,1128
1577259740028,1325
1577360343981,1259
1577259630183,1157
1577311467714,1383
1577542997973,1158
1577221322490,1116
1577571032749,1047
1577283732745,1477
1577326377023,1006
1577208097374,1174
1577594374257,1266
1577203349882,1166
1577601430769,1108
1577392795168,1230
1577328268003,1345
1577359973954,1451
1577427266107,1151
1577250814856,1317
1577418304507,1060
1577345221476,1210
1577392592166,1034
1577444981278,1400
1577236275163,1246
1577188035346,1223
1577579914646,1414
1577213904339,1453
1577604545281,1433
1577583746341,1294
1577405001565,1400
1577282874570,1193
1577360960745,1370
1577336322304,1062
1577400846534,1359
1577553898630,1480
1577423179054,1172
1577512903614,1415
1577262011072,1217
1577239254769,1431
1577224273495,1036
1577478220686,1466
1577571696522,1057
1577257577313,1168
1577244912004,1446
1577383327194,1489
1577556031834,1208
1577360686192,1104
1577397636704,1221
1577361969702,1206
1577256244801,1369
1577523466944,1383
1577237760182,1286
1577193470617,1059
1577311019172,1173
1577260789288,1391
1577455263705,1125
1577533602149,1439
1577293253658,1291
1577337525763,1485
1577197703253,1197
1577451522104,1411
1577288369007,1261
1577528120456,1468
1577531772951,1063
1577527971573,1169
1577371479164,1472
1577210303794,1491
1577581774894,1165
1577575357808,1191
1577292841169,1404
1577268751657,1239
1577414608371,1444
1577372885639,1276
1577521173564,1336
1577326386580,1010
1577434474437,1255
1577459797149,1213
1577574421788,1020
1577359751002,1144
1577474165481,1048
1577413501366,1073
1577558346918,1395
1577299201251,1380
1577553903283,1455
1577541657077,1373
1577293074393,1245
1577399995575,1287
1577216881501,1239
1577252463733,1137
1577460614251,1090
1577396309179,1115
1577245326972,1227
1577208268585,1457
1577187801793,1385
1577390670039,1318
1577432921482,1029
1577461815960,1084
1577516563058,1184
1577187705660,1217
1577348070378,1113
1577496898830,1167
1577329394627,1252
1577317921884,1057
1577421087351,1415
1577180304402,1154
1577444476040,1442
1577544949096,1151
1577237034468,1310
1577205830748,1135
1577392560810,1246
1577565934554,1018
1577209154883,1412
1577433343098,1401
1577422720861,1066
1577527941516,1463
1577365690772,1113
1577414548488,1026
1577314328828,1454
1577448522596,1157
1577482169438,1490
1577199540297,1261
1577487799902,1436
1577348705238,1020
1577328580433,1038
1577352524494,1331
1577320867446,1142
1577441655367,1069
1577278025822,1374
1577509007832,1493
1577533511031,1214
1577192465252,1333
1577224931667,1222
1577577593638,1127
1577245765679,1142
1577428657142,1208
1577533930381,1100
1577543544410,1349
1577411570774,1104
1577543853666,1027
1577261708807,1081
1577609326531,1164
1577252717692,1240
1577341698080,1280
1577608302277,1403
1577283343031,1434
1577592919056,1331
1577344097793,1389
1577564379551,1309
1577595287273,1265
1577237466790,1032
1577611264340,1234
1577448816730,1254
1577213425583,1153
1577246850343,1440
1577230113812,1331
1577251249158,1063
1577192983859,1347
1577206983562,1102
1577410100590,1456
1577499816894,1231
1577236032217,1232
1577563458872,1101
1577249234716,1308
1577473420952,1441
1577556234106,1435
1577378454349,1001
1577183685517,1310
1577316894358,1242
1577472421820,1307
1577324038354,1471
1577604607127,1380
1577360342066,1009
1577279113063,1458
1577268332172,1255
1577607926912,1463
1577512914581,1343
1577415711143,1070
1577548783564,1320
1577299452378,1237
1577511584806,1032
1577393940694,1305
1577210345247,1334
1577201223919,1488
1577305687615,1322
1577335315611,1088
1577437061932,1277
1577578027502,1213
1577431156623,1399
1577208070456,1095
1577474299175,1172
1577209075552,1302
1577385638490,1154
1577485047620,1407
1577482947751,1389
1577474023628,1367
1577458532263,1069
1577254287206,1286
1577254474268,1293
1577342605301,1192
1577389736530,1340
1577447790884,1058
1577415670819,1344
1577481106669,1436
1577433084209,1374
1577219177346,1121
1577609346451,1236
1577506662103,1017
1577185151834,1215
1577607217273,1322
1577280631918,1072
1577469439919,1413
1577190408041,1223
1577343414280,1491
1577380722429,1335
1577353968071,1201
1577606162052,1174
1577472808372,1045
1577370703400,1186
1577203883482,1084
1577521255660,1069
1577422641189,1345
1577228687046,1176
1577431516144,1045
1577434119976,1180
1577489586579,1107
1577389443178,1260
1577233152254,1353
1577301623055,1058
1577498609369,1081
1577328181058,1057
1577592997640,1132
1577400852316,1222
1577515720586,1345
1577496557558,1195
1577540713076,1420
1577533339844,1236
1577335052175,1490
1577604437210,1105
1577566535760,1154
1577329361200,1400
1577301155320,1021
1577322542088,1006
1577188506099,1303
1577329875500,1220
1577352404099,1361
1577275477556,1464
1577470596489,1155
1577555926679,1254
1577522362539,1458
1577425209814,1169
1577347448876,1027
1577356806023,1213
1577295778451,1033
1577398897074,1236
1577341127270,1112
1577499340344,1343
1577512351056,1023
1577379430236,1114
1577489022854,1304
1577469329398,1178
1577526837636,1227
1577408980623,1259
1577460525196,1378
1577349754143,1008
1577522453590,1285
1577259119332,1212
1577596784540,1255
1577498242213,1109
1577411268221,1312
1577247587859,1194
1577528759029,1034
1577532528867,1472
1577475857836,1035
1577262347882,1029
1577341597752,1255
1577386056270,1229
1577596473907,1111
1577337195942,1369
1577549595192,1103
1577216124815,1186
1577576764559,1046
1577351882811,1013
1577182789681,1359
1577443252692,1161
1577588661527,1046
1577310250169,1311
1577250003808,1071
1577438083691,1294
1577534266362,1307
1577364458169,1471
1577250642899,1010
1577590719788,1144
1577196459512,1174
1577528727430,1315
1577216065245,1190
1577240826865,1361
1577502812971,1475
1577552791750,1444
1577222022535,1219
1577571348730,1010
1577286255686,1171
1577388718714,1309
1577281005105,1187
1577357926446,1386
1577499794396,1254
1577547649925,1146
1577468550572,1206
1577568451709,1088
1577521166141,1324
1577444309255,1285
1577392817054,1500
1577388330332,1446
1577553695012,1150
1577352944724,1415
1577290092358,1386
1577254583636,1148
1577570195300,1220
1577286214903,1248
1577181291476,1470
1577320848141,1023
1577300562168,1381
1577408293193,1331
1577372528052,1074
1577415529131,1129
1577206909713,1394
1577586938870,1487
1577309174775,1102
1577245029193,1321
1577547180025,1246
1577244193295,1229
1577485278942,1067
1577367248834,1421
1577228240795,1429
1577278230145,1210
1577243108190,1284
1577356164902,1008
1577225620546,1022
1577444080472,1451
1577419041000,1065
1577432910733,1343
1577240405386,1397
1577599840770,1119
1577337415950,1457
1577504484237,1339
1577211331061,1111
1577495984668,1454
1577205346678,1433
1577566530159,1322
1577259927354,1452
1577184897832,1196
1577232291759,1127
1577513150747,1451
1577573776405,1298
1577360570720,1404
1577313143646,1108
1577307753184,1427
1577478943621,1100
1577601354789,1444
1577318500854,1355
1577315925378,1451
1577192534283,1134
1577354433751,1449
1577476975807,1464
1577334432822,1210
1577370136371,1349
1577243585442,1288
1577183376870,1270
1577438170881,1176
1577515769421,1063
1577533953183,1466
1577336010426,1458
1577309677417,1241
1577443751345,1026
1577554677374,1448
1577314652688,1445
1577345798248,1468
1577557886610,1462
1577261081747,1492
1577205392454,1441
1577408114583,1454
1577436049598,1291
1577437158554,1110
1577420800012,1255
1577296987559,1042
1577253163629,1023
1577504382175,1384
1577223434229,1104
1577198696815,1047
1577418482271,1211
1577324874664,1261
1577322467027,1123
1577605177345,1348
1577350253663,1176
1577265929478,1446
1577191641841,1158
1577345605135,1363
1577441789391,1369
1577527748158,1231
1577584566455,1432
1577502179422,1399
1577381184420,1053
1577538294609,1366
1577445813416,1189
1577556859447,1130
1577563597430,1183
1577200345293,1023
1577424601921,1469
1577586338706,1299
1577605679630,1152
1577214615942,1006
1577270351665,1432
1577291328528,1395
1577266308817,1363
1577597699141,1210
1577267851174,1312
1577527527857,1449
1577512987117,1462
1577562867132,1057
1577308526092,1414
1577253789881,1303
1577195997597,1123
1577220315502,1151
1577461174965,1160
1577275906378,1004
1577448779641,1491
1577399637934,1160
1577456660891,1072
1577603500215,1132
1577241872707,1340
1577348730866,1027
1577350579079,1204
1577180387621,1347
1577262111094,1360
1577225521494,1460
1577324010120,1064
1577268019271,1165
1577246727514,1369
1577548695762,1324
1577232121221,1121
1577463668369,1093
1577398111125,1371
1577501784657,1078
1577203206090,1224
1577258290841,1072
1577228794791,1029
1577609792355,1277
1577522586968,1040
1577292114255,1412
1577221414983,1275
1577200908075,1092
1577212332971,1296
1577404312015,1354
1577349208447,1492
1577376525802,1229
1577301604575,1186
1577567193136,1412
1577427986286,1257
1577243524846,1293
1577506367117,1356
1577261057211,1069
1577411544119,1084
1577386115449,1356
1577309791129,1261
1577471378886,1152
1577583546256,1049
1577276677738,1147
1577374958930,1478
1577589384015,1276
1577564094879,1169
1577184359101,1292
1577195760196,1047
1577355929516,1381
1577464881940,1218
1577228447807,1055
1577399223039,1233
1577338509436,1430
1577268492416,1029
1577243335699,1407
1577411663431,1246
1577563873339,1030
1577294793130,1316
1577542462236,1037
1577390251900,1040
1577260238506,1075
1577232773966,1375
1577542175674,1106
1577272283568,1451
1577353996958,1205
1577370233545,1128
1577570837511,1115
1577486173638,1034
1577210363758,1454
1577202589290,1225
1577406199264,1003
1577187269931,1177
1577562747500,1320
1577457379933,1079
1577234463457,1447
1577229380811,1034
1577569574322,1105
1577392185158,1038
1577224334003,1003
1577211959554,1088
1577238892376,1339
1577340045626,1400
1577263325262,1118
1577493633990,1190
1577578050348,1391
1577486544739,1381
1577324805427,1497
1577539005491,1447
1577253612214,1172
1577195657623,1193
1577518326489,1475
1577547279743,1431
1577307737664,1103
1577322326174,1372
1577322642679,1055
1577190642238,1070
1577480774203,1045
1577259736329,1406
1577215868369,1348
1577600686975,1087
1577390492278,1398
1577217247716,1049
1577181793246,1371
1577491694050,1470
1577341241974,1030
1577254658526,1474
1577472182980,1398
1577446700872,1468
1577548947064,1179
1577267801531,1365
1577208697546,1420
1577520337753,1324
1577454520617,1022
1577252860342,1142
1577216615034,1307
1577360707413,1143
1577196004115,1358
1577475493013,1468
1577310951054,1180
1577517396532,1077
1577433838950,1481
1577378427216,1270
1577439751305,1018
1577593793790,1489
1577235457919,1434
1577396936356,1345
1577454849437,1357
1577389999063,1419
1577232007345,1162
1577184542687,1466
1577351145559,1362
1577434897535,1238
1577421410302,1080
1577271624198,1144
1577250722617,1065
1577181902279,1254
1577527523105,1476
1577514542901,1277
1577439818261,1173
1577197718115,1362
1577463818557,1260
1577517938110,1421
1577318998133,1317
1577265261741,1453
1577494947277,1360
1577405005261,1385
1577544932276,1252
1577597208015,1246
1577189027550,1242
1577230140598,1349
1577363542365,1371
1577244467967,1353
1577335155977,1277
1577505344253,1196
1577190727430,1291
1577254190713,1026
1577466963749,1477
1577221848043,1500
1577196612037,1140
1577331711816,1108
1577198380939,1135
1577516167523,1199
1577350761533,1497
1577565552177,1365
1577605699158,1442
1577389727483,1044
1577509973388,1458
1577204274699,1329
1577438619622,1203
1577209473031,1334
1577234941424,1241
1577428412718,1346
1577598407391,1141
1577238978899,1267
1577268383371,1442
1577220901162,1018
1577510044163,1155
1577557787896,1361
1577425864877,1078
1577303778576,1164
1577435960885,1401
1577344646109,1225
1577479481365,1195
1577308548151,1056
1577261347865,1178
1577511568977,1271
1577233271054,1074
1577464886613,1011
1577514034837,1392
1577347761951,1152
1577182921584,1366
1577489344794,1249
1577545032424,1242
1577183637500,1491
1577595039249,1036
1577431292872,1356
1577558619935,1255
1577237270160,1452
1577465077700,1368
1577592276450,1011
1577475078998,1439
1577225083389,1271
1577535403602,1146
1577467196795,1084
1577604816409,1238
1577362294167,1414
1577422442140,1107
1577297574072,1059
1577394397400,1384
1577453188538,1353
1577365497647,1299
1577433306780,1041
1577604372936,1282
1577363996274,1412
1577442779628,1138
1577543761682,1324
1577193629807,1064
1577345097423,1143
1577272749106,1111
1577224458670,1145
1577465115572,1450
1577307819389,1376
1577602483426,1247
1577212356623,1218
1577550352154,1494
1577324163929,1083
1577602471488,1305
1577353704197,1227
1577453979081,1117
1577519417652,1387
1577252388686,1460
1577354710093,1160
1577215048268,1167
1577601743235,1360
1577240037081,1083
1577337692903,1093
1577237136521,1484
1577366871111,1483
1577499554014,1475
1577374357883,1440
1577440750561,1081
1577247065266,1219
1577228054964,1137
1577312659502,1270
1577464065433,1429
1577287238483,1263
1577327648515,1354
1577566193357,1477
1577196833395,1252
1577563485788,1179
1577337593365,1360
1577481586427,1151
1577424218635,1019
1577384524171,1183
1577197236622,1349
1577239651983,1295
1577439352021,1434
1577466836999,1203
1577361088004,1228
1577255523288,1246
1577331720092,1314
1577331345669,1432
1577307180271,1426
1577481142629,1336
1577558411709,1044
1577363886948,1267
1577355217551,1333
1577268261364,1131
1577432660258,1162
1577430819714,1210
1577241087461,1095
1577284745659,1148
1577486801803,1135
1577376149745,1113
1577600078253,1462
1577399340583,1275
1577193000783,1074
1577538807370,1176
1577376942382,1273
1577497868343,1470
1577307005752,1392
1577454462871,1290
1577365331634,1349
1577302197454,1381
1577314350452,1065
1577323956855,1304
1577599082760,1265
1577541241716,1466
1577250300351,1228
1577593616484,1060
1577276649350,1247
1577446147023,1235
1577515280630,1053
1577586600765,1333
1577539045597,1452
1577377948079,1292
1577286783999,1072
1577432647431,1226
1577577289551,1459
1577416922900,1490
1577562786791,1190
1577242521820,1394
1577378211229,1322
1577449761226,1245
1577396725383,1068
1577361275175,1147
1577594885307,1069
1577244243875,1380
1577489602201,1483
1577269163338,1398
1577385469217,1078
1577604406963,1446
1577546033917,1077
1577313015739,1489
1577487619752,1085
1577292993190,1255
1577481105852,1022
1577199781224,1356
1577421953743,1350
1577271775628,1006
1577551624357,1484
1577196802533,1155
1577347556409,1439
1577594363416,1351
1577347217559,1161
1577357541879,1220
1577235863651,1459
1577572208436,1462
1577321788615,1113
1577448542727,1058
1577393528359,1123
1577195183427,1009
1577300947720,1388
1577381197491,1170
1577274676136,1254
1577332916385,1260
1577566341060,1132
1577457229524,1310
1577290728367,1365
1577331617458,1233
1577579761656,1149
1577593451671,1087
1577268801936,1398
1577594476204,1479
1577188441679,1210
1577372959816,1375
1577364445478,1286
1577377065242,1391
1577302098432,1324
1577491146521,1070
1577203923934,1473
1577501899048,1484
1577432900559,1451
1577212656885,1449
1577247602111,1247
1577588610048,1120
1577453381869,1311
1577380414831,1482
1577435083619,1322
1577465456311,1414
1577433157817,1131
1577568237151,1458
1577440725880,1342
1577403938337,1179
1577354341410,1268
1577565753357,1454
1577388125123,1174
1577499499235,1482
1577549453796,1166
1577445906246,1243
1577340533734,1410
1577377060678,1185
1577226675078,1136
1577393468689,1298
1577277453483,1126
1577250906487,1292
1577290395123,1200
1577466207204,1479
1577292406636,1359
1577282939776,1347
1577323026254,1306
1577214177887,1418
1577296920657,1491
1577388326182,1063
1577399706170,1190
1577509147576,1042
1577300611825,1431
1577600819498,1085
1577271405087,1141
1577280787195,1351
1577606774405,1108
1577245238298,1248
1577218170534,1366
1577194179887,1274
1577242391742,1179
1577563474285,1413
1577513556789,1239
1577328085998,1391
1577260535461,1445
1577518637691,1039
1577370778734,1255
1577222837213,1189
1577310409858,1204
1577255309895,1346
1577284705698,1098
1577204549721,1268
1577265782223,1448
1577485597774,1488
1577483126120,1297
1577376140306,1262
1577420750627,1109
1577365200912,1121
1577473848908,1033
1577332312638,1481
1577571542846,1402
1577607150732,1117
1577221262282,1359
1577544437252,1083
1577320080705,1432
1577357266867,1260
1577342908335,1145
1577220614281,1209
1577345814400,1014
1577571267445,1473
1577564372876,1283
1577203162808,1232
1577370925147,1079
1577276760979,1100
1577385866598,1321
1577591331988,1411
1577226222069,1438
1577504334683,1089
1577600760386,1014
1577608154819,1325
1577236688450,1244
1577553110104,1129
1577381669682,1186
1577452883080,1287
1577424449827,1008
1577200108235,1238
1577403746120,1189
1577297068394,1428
1577519162043,1360
1577322428488,1496
1577448695023,1094
1577390897898,1344
1577385744744,1070
1577479968677,1384
1577319423182,1374
1577309075903,1111
1577273783795,1424
1577423127329,1492
1577319171724,1378
1577320197870,1279
1577557258727,1190
1577392765361,1136
1577543250891,1374
1577402972527,1165
1577421707730,1163
1577462367046,1052
1577479456100,1345
1577243555374,1180
1577543231152,1206
1577525213191,1292
1577404307142,1058
1577329625772,1422
1577489877641,1480
1577276061783,1343
1577530438588,1194
1577416112822,1434
1577602618396,1299
1577355160057,1413
1577597623898,1161
1577525608476,1130
1577196141612,1032
1577246840674,1331
1577270088700,1069
1577496094003,1350
1577442613037,1166
1577205777912,1092
1577521869360,1010
1577285602021,1225
1577280616647,1182
1577188491295,1337
1577192868701,1471
1577186026787,1023
1577388619743,1095
1577322832890,1029
1577548645927,1482
1577503596021,1294
1577340050537,1250
1577289548988,1133
1577352983411,1172
1577523706857,1286
1577436831152,1438
1577518454322,1251
1577226788554,1427
1577196725320,1397
1577516327629,1490
1577529267502,1407
1577476803790,1342
1577497011212,1277
1577407209283,1365
1577279501027,1324
1577543810694,1065
1577238420320,1146
1577345916361,1005
1577596607209,1278
1577263614200,1188
1577469322014,1228
1577446335649,1174
1577379958802,1454
1577452276261,1207
1577512494601,1070
1577318707670,1389
1577533039639,1454
1577380072505,1307
1577600139999,1311
1577411017813,1133
1577421878613,1333
1577411758937,1396
1577588426238,1188
1577602257937,1338
1577481879923,1368
1577245042404,1440
1577240836983,1189
1577421448672,1424
1577358586906,1303
1577461359061,1492
1577247371786,1071
1577438263897,1093
1577229709450,1426
1577553606178,1499
1577198488801,1257
1577362461972,1399
1577535599166,1406
1577557615879,1429
1577547293927,1076
1577598703260,1176
1577547188809,1466
1577522452959,1078
1577371259874,1395
1577475587086,1243
1577367285307,1213
1577502018197,1066
1577414601101,1086
1577312009813,1177
1577354074363,1259
1577577800744,1045
1577314762302,1082
1577378201566,1390
1577576184285,1050
1577421572273,1139
1577419869830,1319
1577245440647,1049
1577470899886,1145
1577504282360,1256
1577280114426,1262
1577195325740,1473
1577542874749,1094
1577449080886,1163
1577269765304,1293
1577485421151,1139
1577577741334,1312
1577285738817,1301
1577469144316,1499
1577419742802,1201
1577534380351,1185
1577584636440,1104
1577372142794,1111
1577425634059,1273
1577213139766,1104
1577329256054,1185
1577371515854,1496
1577436002451,1350
1577451579280,1127
1577356982007,1062
1577391984715,1156
1577604874791,1124
1577183895020,1139
1577520755744,1124
1577493036164,1363
1577342146459,1070
1577300336485,1326
1577518244436,1490
1577325210610,1129
1577476915246,1041
1577600405181,1007
1577471804871,1181
1577532181617,1347
1577456263444,1286
1577599515895,1151
1577225858020,1079
1577402783106,1021
1577314263054,1230
1577582335112,1467
1577559023040,1479
1577438022437,1281
1577366142919,1159
1577519287407,1276
1577440915464,1059
1577379436656,1449
1577346582196,1255
1577408361084,1123
1577391449405,1203
1577361019039,1089
1577378004305,1274
1577292186188,1133
1577429151718,1391
1577409747907,1336
1577215077886,1169
1577249575026,1188
1577221331302,1459
1577422722810,1214
1577403944453,1071
1577405095374,1381
1577363594260,1472
1577193431991,1229
1577388961102,1226
1577237268164,1140
1577307433609,1278
1577432386460,1256
1577517517560,1302
1577361789602,1441
1577392412721,1476
1577501945567,1106
1577566900445,1175
1577346935007,1459
1577486793831,1051
1577401739603,1351
1577296577186,1026
1577398662721,1303
1577391780014,1153
1577440442676,1059
1577253464331,1077
1577535049601,1150
1577293144157,1113
1577581425054,1180
1577524291359,1387
1577239899211,1242
1577456159918,1157
1577432393360,1134
1577394826133,1050
1577211740308,1198
1577187464013,1474
1577194777488,1278
1577385657556,1471
1577285674545,1265
1577464648195,1161
1577313043485,1094
1577524721181,1312
1577274088370,1057
1577511488411,1236
1577506401494,1002
1577556776502,1163
1577249888312,1370
1577261096801,1003
1577383676744,1193
1577591612818,1246
1577272131561,1195
1577456457299,1067
1577598697900,1353
1577463587838,1331
1577252228915,1169
1577390804931,1341
1577328008854,1186
1577297486841,1418
1577242335500,1165
1577348201091,1302
1577282173046,1428
1577318555113,1252
1577198373120,1448
1577311396950,1337
1577234429504,1260
1577374030262,1027
1577370017476,1122
1577552708416,1420
1577537963797,1304
1577516768645,1485
1577357298808,1434
1577261653511,1364
1577610742098,1243
1577365566166,1133
1577414386550,1472
1577404985769,1370
1577427381545,1417
1577407218014,1125
1577360235648,1078
1577288543849,1163
1577407336251,1412
1577550561331,1202
1577599490255,1011
1577427990047,1031
1577258660363,1130
1577445644226,1395
1577259508787,1229
1577458112018,1463
1577371848498,1364
1577477043985,1268
1577286801293,1006
1577404080997,1073
1577376789222,1043
1577379930508,1254
1577355052912,1316
1577452736907,1073
1577200744710,1076
1577474533417,1118
1577351387963,1341
1577262950591,1317
1577611412116,1114
1577354161149,1251
1577373087223,1345
1577370239799,1110
1577557294215,1185
1577382743919,1232
1577430066990,1386
1577608668456,1210
1577379046185,1374
1577399759123,1334
1577476843208,1160
1577454293957,1460
1577564302791,1083
1577391494766,1130
1577320801552,1038
1577496481704,1500
1577452343139,1202
1577603740319,1101
1577441051161,1243
1577436818150,1292
1577443112077,1077
1577325920367,1085
1577374947863,1034
1577262813899,1018
1577432903077,1066
1577422220646,1122
1577370041330,1011
1577409664558,1225
1577329331305,1050
1577271948059,1046
1577200411137,1331
1577251238845,1084
1577319888842,1384
1577349600470,1114
1577422610478,1187
1577434336195,1017
1577373591773,1045
1577278202685,1082
1577334475787,1458
1577389181614,1267
1577602096376,1206
1577252464559,1294
1577207876784,1104
1577199174561,1263
1577290458210,1046
1577593541006,1249
1577288991099,1258
1577449786394,1254
1577457534039,1348
1577548965626,1031
1577194677583,1240
1577415142069,1183
1577181300167,1241
1577508026578,1070
1577239561831,1165
1577260295868,1351
1577604046593,1401
1577401656883,1382
1577383051997,1316
1577329243760,1418
1577308787461,1047
1577376141866,1039
1577439614466,1261
1577604551626,1343
1577338032257,1350
1577426543007,1077
1577499711288,1182
1577463750246,1304
1577504407219,1201
1577196041018,1333
1577527778369,1212
1577278778708,1206
1577263428674,1361
1577460352000,1185
1577418888077,1094
1577394795490,1326
1577447720374,1064
1577283433764,1104
1577371020482,1241
1577443217774,1484
1577433598877,1284
1577313535514,1275
1577283578718,1249
1577424368397,1198
1577443468381,1030
1577290978763,1151
1577265122798,1096
1577323577280,1040
1577579161748,1003
1577485709001,1411
1577398202829,1185
1577610854688,1170
1577198437764,1370
1577597781369,1391
1577376620421,1106
1577403222830,1074
1577511351311,1329
1577593208612,1242
1577446184725,1109
1577584597337,1410
1577428384005,1322
1577321103979,1456
1577481104924,1220
1577425805209,1469
1577462019278,1070
1577483714585,1054
1577605589046,1213
1577495561511,1148
1577321378178,1499
1577190635317,1197
1577186604366,1040
1577421647753,1135
1577308962101,1416
1577357710261,1365
1577545133067,1042
1577335855616,1088
1577318694873,1008
1577601519343,1425
1577248265978,1081
1577539716332,1096
1577491099381,1469
1577537601109,1019
1577525853071,1321
1577304703200,1443
1577302876045,1085
1577198950608,1353
1577313332741,1331
1577548184262,1381
1577256913398,1460
1577484339379,1102
1577580722595,1264
1577214499350,1273
1577401616969,1309
1577258006585,1368
1577381754656,1323
1577190570105,1392
1577239410480,1287
1577524952062,1255
1577442627782,1003
1577436209329,1132
1577549244488,1065
1577407211758,1022
1577373242506,1299
1577348259578,1090
1577519192251,1168
1577468386702,1308
1577418038464,1385
1577282096443,1417
1577324583330,1375
1577255858998,1482
1577453284542,1333
1577291888832,1411
1577561635573,1378
1577365195074,1094
1577386274060,1284
1577569316899,1104
1577383997287,1075
1577550804682,1298
1577576155894,1493
1577563343348,1196
1577275798665,1367
1577493612872,1028
1577401678336,1326
1577500312936,1001
1577455551687,1085
1577476653661,1321
1577597165247,1360
1577451686825,1298
1577242891562,1270
1577205456989,1093
1577459086153,1127
1577610712955,1010
1577340929005,1442
1577415264627,1018
1577365315125,1157
1577319846939,1452
1577535792384,1366
1577199442955,1232
1577403197299,1236
1577356724920,1355
1577561496787,1242
1577226183606,1122
1577333150404,1326
1577329571338,1124
1577532602364,1115
1577259752960,1258
1577195313317,1072
1577257385840,1277
1577321149045,1004
1577197741867,1257
1577551539843,1360
1577391011030,1124
1577409331497,1228
1577281153551,1304
1577235668830,1395
1577389512822,1413
1577202493483,1403
1577234850230,1173
1577321797419,1205
1577577284601,1462
1577477038384,1367
1577336883736,1395
1577270577236,1485
1577232358125,1184
1577249228275,1408
1577518728856,1363
1577483626443,1426
1577474667435,1428
1577595483248,1360
1577511726097,1207
1577423521180,1435
1577467622418,1484
1577365038078,1199
1577248031683,1459
1577304560674,1096
1577292056922,1308
1577545885218,1318
1577277906947,1027
1577216787124,1018
1577298348763,1276
1577235066938,1108
1577316841647,1258
1577304660682,1235
1577603430605,1148
1577482706431,1449
1577243617786,1248
1577473328475,1306
1577337959413,1207
1577246757137,1297
1577296061868,1271
1577504464013,1041
1577279147107,1049
1577511643617,1470
1577508849988,1049
1577354311181,1196
1577368736517,1036
1577323461112,1214
1577464431846,1242
1577240941793,1062
1577608775844,1135
1577303865990,1158
1577570756670,1254
1577243176719,1490
1577581137165,1116
1577258950537,1473
1577266750545,1101
1577310108766,1322
1577356691984,1382
1577598188207,1472
1577354227776,1254
1577227212273,1081
1577526902732,1111
1577309761622,1018
1577220425711,1111
1577555510166,1491
1577304848140,1336
1577601924198,1215
1577220817549,1258
1577323305599,1475
1577417378949,1076
1577374485537,1049
1577192674894,1146
1577239882845,1454
1577402497523,1489
1577442073128,1398
1577251087403,1466
1577508384697,1387
1577475177066,1135
1577421648699,1233
1577288464107,1200
1577227476346,1044
1577195876502,1159
1577600261397,1428
1577436540065,1095
1577502041055,1458
1577197188258,1235
1577221487676,1004
1577387296610,1362
1577265419377,1019
1577597787650,1254
1577357527498,1327
1577191053875,1025
1577499903564,1224
1577494896078,1364
1577372141401,1154
1577604435842,1261
1577587759639,1218
1577392488367,1244
1577476967649,1190
1577540712853,1230
1577545908821,1431
1577406624105,1048
1577349634080,1385
1577284065688,1096
1577257520933,1443
1577190359171,1454
1577188052277,1378
1577535399764,1148
1577355195978,1043
1577213911532,1064
1577290821337,1022
1577479425839,1196
1577417971852,1435
1577361998867,1493
1577487579445,1040
1577402864246,1287
1577570119768,1103
1577217616912,1057
1577489767600,1476
1577362101373,1303
1577344454285,1447
1577400204008,1258
1577559231826,1299
1577317557277,1289
1577410516643,1292
1577403552907,1166
1577246424790,1159
1577590742208,1078
1577195187650,1399
1577609972542,1230
1577385736531,1076
1577257128736,1462
1577374781904,1141
1577458790839,1452
1577550635737,1483
1577244549980,1296
1577335021108,1370
1577603761447,1096
1577411713335,1474
1577329160583,1217
1577394612010,1372
1577364289311,1073
1577463249717,1471
1577404426110,1132
1577496680195,1107
1577192355158,1291
1577210956241,1094
1577455139735,1467
1577500162063,1384
1577435882027,1334
1577267461690,1092
1577537975448,1032
1577242439540,1428
1577461145318,1020
1577234877893,1426
1577194534392,1234
1577427645740,1394
1577411614840,1263
1577545539197,1077
1577524896785,1099
1577576711550,1085
1577189763709,1155
1577609323095,1280
1577403985460,1297
1577486494232,1060
1577455871002,1278
1577184482177,1334
1577532001055,1408
1577602485637,1261
1577433140210,1293
1577299009482,1134
1577297392758,1044
1577564566105,1380
1577505382516,1097
1577431744813,1021
1577403775349,1195
1577509831940,1025
1577256129574,1011
1577299631542,1459
1577568988767,1470
1577367995110,1053
1577485654570,1134
1577310125997,1058
1577505793479,1145
1577216151412,1197
1577316229104,1219
1577594802905,1106
1577224099634,1263
1577319935492,1432
1577267557791,1500
1577299655840,1126
1577494975590,1389
1577480532369,1014
1577307213603,1212
1577400809594,1061
1577582478547,1212
1577441942625,1108
1577255087683,1481
1577362751897,1235
1577380024434,1316
1577291580242,1196
1577541220678,1178
1577253402155,1167
1577251808205,1486
1577372836667,1185
1577278209549,1180
1577241939373,1420
1577570033289,1269
1577229798091,1058
1577600864117,1195
1577451590972,1174
1577387818262,1409
1577227468158,1309
1577382276523,1239
1577269235801,1051
1577558657546,1318
1577195700187,1292
1577507192091,1345
1577438599037,1384
1577230675953,1213
1577238960195,1294
1577357359182,1230
1577329481493,1170
1577382625026,1484
1577182140260,1071
1577380648986,1003
1577213733319,1114
1577457790330,1485
1577209398582,1238
1577237953534,1219
1577430113228,1455
1577250373795,1035
1577461829132,1445
1577382271302,1364
1577298233342,1377
1577421047464,1105
1577381977739,1066
1577533510722,1058
1577515705240,1216
1577500286864,1441
1577242144066,1309
1577386827915,1045
1577510669630,1157
1577214806049,1389
1577292144268,1200
1577380611794,1368
1577528609809,1301
1577323843382,1301
1577473170480,1103
1577468632042,1048
1577491697369,1420
1577551567606,1038
1577253954348,1169
1577575085150,1443
1577230994402,1267
1577425689042,1311
1577305399604,1113
1577200312135,1465
1577408575437,1237
1577188201500,1197
1577450158083,1053
1577329211641,1054
1577356878037,1321
1577341554478,1480
1577240142132,1301
1577226819062,1010
1577331732018,1269
1577396767674,1227
1577242714414,1177
1577383296115,1392
1577476084223,1177
1577583840652,1419
1577187306703,1414
1577606346310,1491
1577421880674,1422
1577229530686,1411
1577477776679,1485
1577450063353,1195
1577415447335,1034
1577523369523,1024
1577392347002,1372
1577566164167,1213
1577440673378,1392
1577358219359,1417
1577355670165,1068
1577524388858,1026
1577550449819,1273
1577354288429,1099
1577463506977,1083
1577385031283,1393
1577279098642,1395
1577527416875,1196
1577181665933,1089
1577493113828,1382
1577363799905,1032
1577564936738,1489
1577337596678,1126
1577587840975,1066
1577320808633,1300
1577542419870,1104
1577489988351,1197
1577295746528,1218
1577521222254,1215
1577267291535,1145
1577444674950,1058
1577240654743,1214
1577368989707,1120
1577520666341,1489
1577523551218,1007
1577229163072,1278
1577230350056,1086
1577609361387,1221
1577496834307,1374
1577203463434,1434
1577196077459,1446
1577605969322,1272
1577406047531,1396
1577596024319,1091
1577451452333,1254
1577409349992,1360
1577567865336,1381
1577293971735,1013
1577263190066,1267
1577527043406,1393
1577608795109,1075
1577403364272,1498
1577229695073,1063
1577471580690,1394
1577474391647,1179
1577249837767,1160
1577448810361,1002
1577202043065,1133
1577512099321,1470
1577307923379,1298
1577508691570,1351
1577554914294,1305
1577508288757,1155
1577556308218,1152
1577447717366,1064
1577509506599,1472
1577204703594,1167
1577381033077,1404
1577300894145,1240
1577539742923,1132
1577206917390,1060
1577182227819,1252
1577441613143,1267
1577270608064,1364
1577199220000,1297
1577512621371,1322
1577477930602,1320
1577436584476,1440
1577500995117,1464
1577445020793,1013
1577504190723,1119
1577419517358,1170
1577519921602,1204
1577560279454,1293
1577446888585,1300
1577511972847,1278
1577307246036,1467
1577283301991,1276
1577316555914,1327
1577214932400,1382
1577533545279,1236
1577328382701,1126
1577596336804,1164
1577587384873,1224
1577588447164,1446
1577375342522,1196
1577351165926,1496
1577252545677,1187
1577272968019,1140
1577501200188,1482
1577356264373,1263
1577189816472,1242
1577542239093,1282
1577426841892,1342
1577419774616,1147
1577272362945,1233
1577226658816,1066
1577287092740,1032
1577398922098,1402
1577337311278,1350
1577381019268,1104
1577560307391,1037
1577407285760,1484
1577307161486,1161
1577254578461,1357
1577596205171,1089
1577600394453,1030
1577447658892,1197
1577379968036,1036
1577382324930,1417
1577437013176,1500
1577190737707,1483
1577448205407,1165
1577381376927,1329
1577354391383,1047
1577315870697,1079
1577493335216,1426
1577389096211,1181
1577515440092,1449
1577553541799,1114
1577287945825,1357
1577292177299,1068
1577556600320,1216
1577599437219,1375
1577547056512,1226
1577327368471,1093
1577193831349,1252
1577603356468,1475
1577481870900,1081
1577400170014,1215
1577372367524,1449
1577483500067,1330
1577203819514,1045
1577305433053,1320
1577352569746,1463
1577356681502,1224
1577427375842,1027
1577608817822,1462
1577323567894,1045
1577422454846,1063
1577450633394,1287
1577428728962,1320
1577522342341,1023
1577475570766,1040
1577375194723,1029
1577439999904,1376
1577266989981,1241
1577564563617,1371
1577439982627,1028
1577231845849,1494
1577226083010,1031
1577209947064,1395
1577447108868,1340
1577528409546,1266
1577519488532,1389
1577498807937,1164
1577609718324,1028
1577540255269,1365
1577283527886,1133
1577439893996,1339
1577489807918,1296
1577598201998,1011
1577320116283,1420
1577572575694,1170
1577426004313,1014
1577570504086,1460
1577401339068,1468
1577325765207,1411
1577307551362,1140
1577486773324,1488
1577240025123,1041
1577204300428,1204
1577289187844,1155
1577341862010,1230
1577370226864,1253
1577604198483,1200
1577300590710,1474
1577255372016,1108
1577605932374,1325
1577281496874,1473
1577230880175,1476
1577263942392,1420
1577445408917,1132
1577258588014,1491
1577609445709,1230
1577535260159,1438
1577497800765,1117
1577585645824,1466
1577501955725,1433
1577226795616,1369
1577377444619,1451
1577431690880,1240
1577589335435,1289
1577308223402,1008
1577443623029,1124
1577202378245,1162
1577484410816,1194
1577478990578,1325
1577547585029,1032
1577457099285,1111
1577332109213,1062
1577565333377,1204
1577362540641,1084
1577569646969,1235
1577554581610,1288
1577294240589,1234
1577376019472,1208
1577576870354,1072
1577287037820,1148
1577282331003,1287
1577454733588,1193
1577312823990,1396
1577567247787,1384
1577502066237,1113
1577609113161,1419
1577239406324,1035
1577373761233,1129
1577580955152,1084
1577271169279,1426
1577378554709,1019
1577185931798,1372
1577466053062,1090
1577243668572,1200
1577461406718,1105
1577207283135,1271
1577353588689,1000
1577319533351,1205
1577560817224,1394
1577500121732,1410
1577385214354,1049
1577269739885,1023
1577423334861,1178
1577301056782,1093
1577404865796,1363
1577611491081,1394
1577482570915,1363
1577323047184,1134
1577202537775,1200
1577526897794,1025
1577468007205,1386
1577583958873,1409
1577466980522,1198
1577433330903,1478
1577346366313,1301
1577208825364,1471
1577362808887,1248
1577371867271,1328
1577438422228,1022
1577422323851,1486
1577564548832,1396
1577603321845,1436
1577361355895,1169
1577527960139,1139
1577354423569,1372
1577193403478,1492
1577559366089,1359
1577224761868,1307
1577342898213,1323
1577491858119,1292
1577505384929,1392
1577521425196,1341
1577454785406,1375
1577366055115,1279
1577380331096,1092
1577263931968,1419
1577454844327,1163
1577378772437,1351
1577595976322,1246
1577194013940,1327
1577488143417,1223
1577332952295,1314
1577532808876,1172
1577560055666,1089
1577303153530,1061
1577603016811,1230
1577402438129,1034
1577603638522,1282
1577197407691,1084
1577417293447,1277
1577248936412,1317
1577340345671,1167
1577296066439,1473
1577315148301,1026
1577318944081,1400
1577601191223,1095
1577328456919,1377
1577454289217,1313
1577498023480,1095
1577182052325,1120
1577441130413,1141
1577521839395,1147
1577291516120,1065
1577360755157,1197
1577505754709,1032
1577301503830,1327
1577354949897,1434
1577607067258,1228
1577398007053,1021
1577216220635,1375
1577450187668,1383
1577399218732,1440
1577290738853,1321
1577429656940,1163
1577396593716,1484
1577366153420,1205
1577186674530,1232
1577313440546,1328
1577343969421,1110
1577487090390,1468
1577279928454,1098
1577610688500,1126
1577324077560,1120
1577374128062,1264
1577355336366,1207
1577263252155,1353
1577195144291,1132
1577337110779,1048
1577573208730,1341
1577473708620,1322
1577590487072,1106
1577448277623,1110
1577288332040,1350
1577186017387,1025
1577480539274,1253
1577194537901,1430
1577291869162,1363
1577454591905,1488
1577449341092,1387
1577551591727,1290
1577208316585,1380
1577585956849,1393
1577611563535,1454
1577255113719,1305
1577540435893,1055
1577474030400,1475
1577411474267,1150
1577442096137,1319
1577378002261,1062
1577538845431,1360
1577262250026,1307
1577287001892,1055
1577450929866,1202
1577460177932,1331
1577591626360,1321
1577192997142,1318
1577255494155,1173
1577498810345,1208
1577433740648,1490
1577352292188,1449
1577205133221,1157
1577446254619,1362
1577232463675,1282
1577515218180,1123
1577232862290,1437
1577480578885,1207
1577364946027,1453
1577538003384,1250
1577477832535,1186
1577476505681,1074
1577221049006,1387
1577549522162,1040
1577345060860,1032
1577362309182,1008
1577540710899,1052
1577462516773,1373
1577526977320,1414
1577479691735,1441
1577307365056,1266
1577609241904,1117
1577295426579,1280
1577361890107,1389
1577505141987,1267
1577227402809,1295
1577241105020,1426
1577295106605,1104
1577442566305,1100
1577564221605,1173
1577442848302,1218
1577361108748,1416
1577202712212,1216
1577511556436,1462
1577485167820,1024
1577382078646,1016
1577531958159,1099
1577358771003,1233
1577440672062,1270
1577577708366,1461
1577586752819,1219
1577387849237,1486
1577307045132,1174
1577219314336,1470
1577568675525,1282
1577267531171,1127
1577594524561,1035
1577284162244,1423
1577583537038,1209
1577409321027,1280
1577192137711,1236
1577610250431,1211
1577253510460,1133
1577230493613,1217
1577550882818,1054
1577458797082,1077
1577297093586,1328
1577239972550,1279
1577233723061,1252
1577507196232,1429
1577569070258,1434
1577330881687,1311
1577293039109,1044
1577192783856,1265
1577327236374,1437
1577532373033,1499
1577406856159,1323
1577366511826,1328
1577540861637,1260
1577386589317,1032
1577281680706,1336
1577597983482,1022
1577239667337,1256
1577414826283,1310
1577560126835,1056
1577604103265,1353
1577355585266,1298
1577569713032,1112
1577406319856,1305
1577197144921,1348
1577455356148,1438
1577376611513,1273
1577290736958,1423
1577539789323,1221
1577477300611,1200
1577368006994,1218
1577550721067,1070
1577605533501,1036
1577288353597,1022
1577291722534,1308
1577196844009,1163
1577277299675,1131
1577192043789,1067
1577197967114,1028
1577453839265,1479
1577224251765,1135
1577272406484,1229
1577502186990,1447
1577422845057,1152
1577373308066,1367
1577318830005,1124
1577507781748,1212
1577196009800,1083
1577249345969,1278
1577490293566,1092
1577450919873,1087
1577288260588,1134
1577503856380,1364
1577438259022,1244
1577210133268,1089
1577290725634,1160
1577560789126,1273
1577352802802,1074
1577504286008,1014
1577510940506,1001
1577512233035,1192
1577182780946,1119
1577371990674,1354
1577182300332,1342
1577428354551,1476
1577222131742,1295
1577379815529,1166
1577340757446,1459
1577271576506,1329
1577415355085,1298
1577184898039,1280
1577216229422,1043
1577477119743,1479
1577393732019,1419
1577415203032,1197
1577467633131,1379
1577224716063,1119
1577278685914,1024
1577393408585,1467
1577279785342,1007
1577350401863,1358
1577261136152,1383
1577245058095,1281
1577469135622,1008
1577359680497,1059
1577394869967,1460
1577319307545,1264
1577199460393,1207
1577578290379,1133
1577466785324,1317
1577530800106,1069
1577525344696,1306
1577282681515,1122
1577200383129,1203
1577199112904,1370
1577603262814,1092
1577471071972,1296
1577449710879,1423
1577382112716,1293
1577434701807,1002
1577478227430,1384
1577279940027,1038
1577245888406,1343
1577590145563,1176
1577511457275,1272
1577420455923,1272
1577294964096,1303
1577432666422,1002
1577559503174,1331
1577326150496,1187
1577199774197,1369
1577381116377,1264
1577411490967,1092
1577237708990,1102
1577236765413,1122
1577587273670,1081
1577326613657,1259
1577267365117,1109
1577503771042,1488
1577323786324,1477
1577428738721,1035
1577519401160,1039
1577586184437,1108
1577585972247,1497
1577468530419,1235
1577407690310,1081
1577599540313,1029
1577472768804,1321
1577448296455,1485
1577420884705,1133
1577240536818,1141
1577226826512,1238
1577585710959,1110
1577508535028,1172
1577552895794,1031
1577339629337,1203
1577335109339,1039
1577307285666,1170
1577518394213,1096
1577212590379,1283
1577605713683,1041
1577335730642,1237
1577423076300,1049
1577379036083,1417
1577182569047,1251
1577462261795,1236
1577464042569,1267
1577255360847,1227
1577408754762,1016
1577471560683,1289
1577340409799,1035
1577559921532,1077
1577225910726,1330
1577432607400,1450
1577529889847,1074
1577393907838,1414
1577572238717,1171
1577460191605,1277
1577325400813,1155
1577331343678,1061
1577254383517,1023
1577335330879,1365
1577534918520,1334
1577194714220,1140
1577391442045,1289
1577316982194,1336
1577485104376,1354
1577225883312,1161
1577389469899,1029
1577382227212,1140
1577487311800,1061
1577460654717,1415
1577552528397,1083
1577271352226,1396
1577375525321,1458
1577182191688,1443
1577504290798,1400
1577272628916,1451
1577363645642,1219
1577312110388,1010
1577197931508,1254
1577554111412,1354
1577419377671,1242
1577608644359,1100
1577199837700,1434
1577338470922,1091
1577449201742,1016
1577546000751,1270
1577401425349,1303
1577490664216,1358
1577610019424,1213
1577599553759,1469
1577493692237,1436
1577413085497,1035
1577253691079,1365
1577302858337,1069
1577425727525,1200
1577349249693,1114
1577462535917,1342
1577494574583,1224
1577314153477,1364
1577188376077,1119
1577552508019,1048
1577541679427,1096
1577272401089,1213
1577230167766,1244
1577240934668,1216
1577418532854,1320
1577552770711,1198
1577503592937,1230
1577390523871,1209
1577296461249,1192
1577478671723,1216
1577314814213,1074
1577246286441,1088
1577274651934,1062
1577202520970,1397
1577203729385,1463
1577309000331,1009
1577428223072,1390
1577420324686,1488
1577282043480,1174
1577282386809,1457
1577457348980,1398
1577252220827,1256
1577309650277,1228
1577259887088,1423
1577286985936,1232
1577574561456,1228
1577190471995,1414
1577321444838,1370
1577353870637,1405
1577429531352,1200
1577262838515,1148
1577219531004,1233
1577438394143,1101
1577289954183,1498
1577290339920,1170
1577375134239,1341
1577387475608,1445
1577611063318,1268
1577354500777,1331
1577460526640,1319
1577483858673,1075
1577479342868,1386
1577323868370,1025
1577520960785,1363
1577336848752,1142
1577200696237,1269
1577205742377,1236
1577530177911,1352
1577260511992,1107
1577478265187,1356
1577406305813,1348
1577206501557,1331
1577388872577,1326
1577402245293,1434
1577523800713,1066
1577270671791,1168
1577297075632,1499
1577239690637,1475
1577458648124,1236
1577488189536,1020
1577594332741,1077
1577204987827,1358
1577581791673,1164
1577302016336,1065
1577554878287,1487
1577491133261,1089
1577519529334,1267
1577554685746,1425
1577573182009,1155
1577581426540,1479
1577605139084,1113
1577562570536,1287
1577207783992,1176
1577507481458,1061
1577283976156,1413
1577258961810,1101
1577538391538,1308
1577415422801,1294
1577579180292,1432
1577595205823,1320
1577233784421,1168
1577400820465,1085
1577190390020,1123
1577566282231,1301
1577520102065,1095
1577360382072,1329
1577597360068,1410
1577199282977,1339
1577361131391,1370
1577302500854,1416
1577487350996,1400
1577595470756,1410
1577575069150,1204
1577611395928,1401
1577535245366,1392
1577182865308,1147
1577363343977,1340
1577265575408,1438
1577423607207,1359
1577181317317,1309
1577239395011,1036
1577501208837,1202
1577217943329,1085
1577418884184,1192
1577355925167,1473
1577537647653,1138
1577575565835,1269
1577349787678,1313
1577451535512,1468
1577305815027,1288
1577523211394,1442
1577560777937,1367
1577298794560,1127
1577254697554,1274
1577231254883,1283
1577444182650,1317
1577242126877,1081
1577304868146,1162
1577298452073,1428
1577412246149,1399
1577461551725,1243
1577426428615,1197
1577225243116,1026
1577554072662,1300
1577358554007,1350
1577249252133,1194
1577372370530,1121
1577474274267,1257
1577357540210,1469
1577236959446,1330
1577427582156,1156
1577552969319,1330
1577443772630,1022
1577483273815,1277
1577445931080,1284
1577500616898,1159
1577243746823,1237
1577513635569,1252
1577211772481,1024
1577327499726,1084
1577207891584,1057
1577473006087,1306
1577212024681,1132
1577196171771,1352
1577386497845,1359
1577433823752,1419
1577365853540,1350
1577428679400,1229
1577197005346,1021
1577411361715,1481
1577291396766,1392
1577527762104,1243
1577450501692,1298
1577578879082,1207
1577540728072,1141
1577363471809,1094
1577339404451,1040
1577467611318,1151
1577191486261,1261
1577182503871,1449
1577413362220,1028
1577520540340,1058
1577312245901,1199
1577447691452,1327
1577498038198,1099
1577576882890,1138
1577318431802,1300
1577324278574,1277
1577524261878,1482
1577341055854,1303
1577329555126,1272
1577294418035,1131
1577234152936,1412
1577476200846,1349
1577276767089,1500
1577549968758,1469
1577306484400,1302
1577323297510,1232
1577240516190,1451
1577300507211,1444
1577327015152,1073
1577389668441,1204
1577428050499,1403
1577469527770,1182
1577545810016,1293
1577421415854,1314
1577343873732,1430
1577480631992,1175
1577425634171,1075
1577533910300,1343
1577602074603,1396
1577570817048,1470
1577208852234,1408
1577225770464,1151
1577428631964,1277
1577200654982,1222
1577243990633,1432
1577392313092,1479
1577569970246,1177
1577512120747,1388
1577500957235,1345
1577397694081,1494
1577349603795,1241
1577312685544,1140
1577466551505,1002
1577384362731,1017
1577483833780,1204
1577497323777,1336
1577379962889,1372
1577376518203,1173
1577218033161,1223
1577455220609,1079
1577249678409,1145
1577246731360,1459
1577544509508,1013
1577369736032,1342
1577478373248,1069
1577346297989,1435
1577348291341,1321
1577593413602,1200
1577215577436,1334
1577533652284,1391
1577378989209,1275
1577604308181,1412
1577609020591,1440
1577534236739,1189
1577322988437,1300
1577333310753,1052
1577551849309,1067
1577264038132,1043
1577192060179,1388
1577329331486,1354
1577265015447,1074
1577252361681,1121
1577182933629,1465
1577467026840,1015
1577602507976,1394
1577277357848,1454
1577298861217,1379
1577392895894,1072
1577387291014,1204
1577443370538,1109
1577307409966,1360
1577445661988,1002
1577529154862,1478
1577371149884,1430
1577429275245,1378
1577182351005,1361
1577367680983,1181
1577487165075,1392
1577234709978,1350
1577377118497,1244
1577546513444,1046
1577373320625,1441
1577203898280,1398
1577381005274,1374
1577198393210,1137
1577326704053,1011
1577559204853,1086
1577249285445,1331
1577366900886,1385
1577199822283,1325
1577562505429,1177
1577216566027,1454
1577407799992,1413
1577394960449,1147
1577582458610,1251
1577530668395,1325
1577202426050,1446
1577388460938,1206
1577436727003,1176
1577488831384,1270
1577400863216,1199
1577255786084,1250
1577578814069,1450
1577282939021,1438
1577578416152,1280
1577343913611,1092
1577547394636,1482
1577474900307,1004
1577537666616,1132
1577269996338,1048
1577314191990,1368
1577378988983,1268
1577404472125,1123
1577446947314,1197
1577208991619,1318
1577426829249,1158
1577492652454,1200
1577284019319,1449
1577331753412,1139
1577302113537,1321
1577369845173,1009
1577194306245,1022
1577598739863,1343
1577473105668,1291
1577491219611,1061
1577586346123,1468
1577194089546,1295
1577458393122,1100
1577554467030,1047
1577241091999,1024
1577213508259,1303
1577272182508,1159
1577530730414,1394
1577315606082,1258
1577249612104,1287
1577239177511,1481
1577276582515,1440
1577330274505,1391
1577559267874,1051
1577462973693,1492
1577323374462,1433
1577211049935,1332
1577406268341,1296
1577336460829,1016
1577355585301,1352
1577485000524,1257
1577541989136,1332
1577473533507,1134
1577202799347,1047
1577474091432,1298
1577270050139,1186
1577278504751,1429
1577559593874,1472
1577548565976,1043
1577590126595,1254
1577320919028,1335
1577474976723,1087
1577374419167,1379
1577202971620,1191
1577311231629,1309
1577349968672,1166
1577282437580,1424
1577511935155,1044
1577375516281,1092
1577193941518,1446
1577194830189,1229
1577439020893,1034
1577310523137,1155
1577543501914,1127
1577196025324,1337
1577278172469,1205
1577182554662,1222
1577564597512,1343
1577577408922,1411
1577540179241,1210
1577371044255,1140
1577572049262,1232
1577310003484,1389
1577320347539,1311
1577486664710,1132
1577331718716,1320
1577443034790,1279
1577585930395,1412
1577338505053,1233
1577186115581,1206
1577517384171,1333
1577516394632,1151
1577576182913,1009
1577475374428,1146
1577207179387,1203
1577524083636,1202
1577492362814,1127
1577527646699,1305
1577524790688,1067
1577229498630,1063
1577372366358,1426
1577399534942,1473
1577235874775,1259
1577581484553,1218
1577499705960,1380
1577377563254,1090
1577520560150,1055
1577333662929,1340
1577222295339,1446
1577420243058,1242
1577308882072,1453
1577281513384,1037
1577321359475,1086
1577206350548,1063
1577553957097,1147
1577245086558,1343
1577289954678,1018
1577259294270,1011
1577317937066,1259
1577377219814,1016
1577287236234,1394
1577328539295,1303
1577185577148,1431
1577599222517,1491
1577238923470,1241
1577462918789,1122
1577282451077,1257
1577297702968,1023
1577553568989,1274
1577555388942,1224
1577511499781,1258
1577318746852,1161
1577502005605,1005
1577350233713,1154
1577204402315,1310
1577597055137,1458
1577457008122,1265
1577347225805,1448
1577346751107,1438
1577541628466,1157
1577300859923,1311
1577270479899,1331
1577525174500,1354
1577400014217,1423
1577228744545,1041
1577266952070,1050
1577419406852,1116
1577288795343,1160
1577196073288,1211
1577267660120,1179
1577589261082,1076
1577364114741,1030
1577492922964,1085
1577505189869,1000
1577285022685,1181
1577423260800,1390
1577538118109,1159
1577430204390,1007
1577435097305,1347
1577485572270,1273
1577610550430,1403
1577352931952,1439
1577335704872,1195
1577339886370,1023
1577313621030,1319
1577216817538,1094
1577255862279,1471
1577201756852,1478
1577411738743,1049
1577388024695,1172
1577440383579,1045
1577537227304,1337
1577249521832,1037
1577268451482,1300
1577191779474,1471
1577275081663,1211
1577259874862,1003
1577201710085,1477
1577588097712,1045
1577245534170,1490
1577252561501,1126
1577197578449,1062
1577551111954,1111
1577471418170,1321
1577317430417,1040
1577527488068,1139
1577475505940,1027
1577423184351,1020
1577261859797,1357
1577595228673,1066
1577258289160,1037
1577385782473,1373
1577451977710,1172
1577556086181,1248
1577512041147,1257
1577349371619,1198
1577321791863,1496
1577476674881,1089
1577559038757,1396
1577216095902,1425
1577562041930,1354
1577570087415,1072
1577534485305,1420
1577296102375,1403
1577234506845,1418
1577312886709,1129
1577521370006,1316
1577270159537,1277
1577499299001,1258
1577347286028,1176
1577605829859,1472
1577423758584,1496
1577289609592,1308
1577223437165,1399
1577312259362,1206
1577369932930,1388
1577438215093,1088
1577491732907,1009
1577321137219,1145
1577442463931,1212
1577468713901,1384
1577336040014,1085
1577193339073,1356
1577404641705,1107
1577328174350,1261
1577321490955,1137
1577567191447,1305
1577389355977,1096
1577492885862,1033
1577509605898,1410
1577187871042,1046
1577401058003,1221
1577191650459,1113
1577220991748,1042
1577588360026,1211
1577265997974,1194
1577358973341,1468
1577429729555,1242
1577460970018,1163
1577583727748,1136
1577223183745,1092
1577266153401,1152
1577373371493,1018
1577197213542,1069
1577477557000,1460
1577252327242,1059
1577595108534,1157
1577493734575,1283
1577468812915,1201
1577556093109,1415
1577275974560,1352
1577500175499,1466
1577609064857,1448
1577248193303,1497
1577247397182,1179
1577390055967,1052
1577522939215,1198
1577465708458,1405
1577339257718,1171
1577212146869,1292
1577461735741,1232
1577316855739,1299
1577185912179,1098
1577257604090,1443
1577602829718,1121
1577388485943,1142
1577515428152,1414
1577464558599,1373
1577318270218,1065
1577458451056,1174
1577229150011,1282
1577225538711,1008
1577185984209,1431
1577595099962,1064
1577395512508,1500
1577411692280,1061
1577337019823,1272
1577358608664,1222
1577426391958,1472
1577301126890,1462
1577267013356,1258
1577583608852,1156
1577569004321,1137
1577549130035,1447
1577423630983,1041
1577426430862,1392
1577540718236,1379
1577496896188,1178
1577181885924,1103
1577327682020,1372
1577515856233,1228
1577221695157,1347
1577425656740,1068
1577181919216,1152
1577590967204,1346
1577373553265,1235
1577297026611,1108
1577572222843,1091
1577438861353,1327
1577347981399,1156
1577292600079,1404
1577284680456,1161
1577214037105,1244
1577423360645,1264
1577582157361,1199
1577560224381,1434
1577249003399,1368
1577185143836,1028
1577563035015,1302
1577374641251,1146
1577418113139,1317
1577439267102,1368
1577423960289,1038
1577202970817,1060
1577360541221,1202
1577353363652,1052
1577536911742,1054
1577196244128,1322
1577589335526,1429
1577199430351,1400
1577417861001,1223
1577305978585,1053
1577344697856,1305
1577596647612,1165
1577479431169,1137
1577581802824,1466
1577192533796,1033
1577601134704,1207
1577391118481,1444
1577495935203,1096
1577402316074,1207
1577377177252,1209
1577269632559,1481
1577585127574,1481
1577529345458,1329
1577532641804,1479
1577190454061,1492
1577264282694,1302
1577414916741,1161
1577352158055,1152
1577294298021,1022
1577309670080,1180
1577456335539,1288
1577504131963,1118
1577468447055,1363
1577400187400,1243
1577253722166,1350
1577319218328,1258
1577400391069,1442
1577330866635,1053
1577487373409,1459
1577513065048,1092
1577472689179,1488
1577533724296,1107
1577247574475,1171
1577506605401,1033
1577279832617,1277
1577355975791,1092
1577385084903,1314
1577598629312,1430
1577607585798,1009
1577561842837,1327
1577595988969,1494
1577452753576,1331
1577581953500,1127
1577591610215,1218
1577582586692,1200
1577408873128,1067
1577548049998,1033
1577318965395,1488
1577185975747,1462
1577234873318,1244
1577514072606,1372
1577278057070,1273
1577323266052,1428
1577445995690,1485
1577335531539,1105
1577462356146,1044
1577237481196,1371
1577224080226,1133
1577396855367,1390
1577299158718,1441
1577537980265,1296
1577300203258,1305
1577212917416,1238
1577216359195,1302
1577576450613,1439
1577541809165,1334
1577377090935,1194
1577320334241,1154
1577350417577,1377
1577466266041,1222
1577514176946,1124
1577453585525,1051
1577432779729,1385
1577482369423,1217
1577292592440,1138
1577212820186,1183
1577318674880,1450
1577224706277,1319
1577420823391,1305
1577421867760,1008
1577580194698,1327
1577181127621,1389
1577216895195,1431
1577450960024,1266
1577291017964,1477
1577541065956,1451
1577525714898,1299
1577228196534,1372
1577367028472,1364
1577602455927,1021
1577516710206,1196
1577517403471,1483
1577499009724,1359
1577343663981,1499
1577351621681,1043
1577547101133,1120
1577315448328,1368
1577570346805,1396
1577254620331,1021
1577276629052,1286
1577467347422,1349
1577248963699,1398
1577232751086,1397
1577577826482,1372
1577329719630,1132
1577417453589,1396
1577372936447,1013
1577454453435,1097
1577594883200,1342
1577533219250,1317
1577542029434,1372
1577377450838,1243
1577610195840,1407
1577489935564,1225
1577377155405,1203
1577481460768,1340
1577292194060,1426
1577496676298,1095
1577435311999,1267
1577460224199,1334
1577195310423,1138
1577390687583,1048
1577366454032,1332
1577180858125,1395
1577401553120,1180
1577502526976,1013
1577292747867,1263
1577458001937,1273
1577475676764,1463
1577255841751,1171
1577431547382,1206
1577599443428,1249
1577402422507,1272
1577360158545,1254
1577248460108,1147
1577578840214,1426
1577528481937,1251
1577385326775,1259
1577446998318,1134
1577552853215,1201
1577326557382,1033
1577252201154,1286
1577504533353,1279
1577452788076,1065
1577327594397,1268
1577289642146,1199
1577524248738,1186
1577585696737,1295
1577543867909,1482
1577422790538,1092
1577221358662,1082
1577596042769,1425
1577215419933,1263
1577463204706,1317
1577523014067,1240
1577547638501,1485
1577491451261,1371
1577371670109,1055
1577549919380,1086
1577387087746,1189
1577335236176,1092
1577268776051,1385
1577306494000,1006
1577477453358,1122
1577400522632,1249
1577317425247,1376
1577262891049,1220
1577519502393,1025
1577208753357,1417
1577349455632,1491
1577293908031,1378
1577453475835,1492
1577263286880,1149
1577289767859,1329
1577196100066,1217
1577485052683,1233
1577554940697,1146
1577347978916,1086
1577602638748,1168
1577359443209,1102
1577233082004,1442
1577462943096,1283
1577441673702,1295
1577300309965,1242
1577290957980,1211
1577525454659,1061
1577305208310,1042
1577340159787,1354
1577418481828,1259
1577295601006,1281
1577435166717,1095
1577466747921,1361
1577260485438,1392
1577490833622,1026
1577523840040,1184
1577593523503,1223
1577203225680,1083
1577243106545,1255
1577235494220,1390
1577201414040,1203
1577596383845,1171
1577585898361,1334
1577206085897,1090
1577387442957,1362
1577440435223,1130
1577511325268,1047
1577402927998,1002
1577327472100,1013
1577305732350,1067
1577527211555,1126
1577386739180,1179
1577211585292,1125
1577477095115,1206
1577565515666,1344
1577185806561,1487
1577245308374,1459
1577413455610,1030
1577573956883,1446
1577228145209,1033
1577511734464,1006
1577456106028,1210
1577487085467,1408
1577348709138,1161
1577610230637,1485
1577481556292,1063
1577251324205,1461
1577196586680,1409
1577213347939,1258
1577468267065,1471
1577355105968,1354
1577542352167,1309
1577584744830,1294
1577589168375,1413
1577284976375,1138
1577550060895,1214
1577550085511,1177
1577391822794,1419
1577529095206,1397
1577453609052,1449
1577502867882,1425
1577494867821,1349
1577499879041,1249
1577507565874,1350
1577350001881,1155
1577516688064,1230
1577565936917,1392
1577440814840,1070
1577342935047,1362
1577598509765,1180
1577406389907,1265
1577227612335,1173
1577191899794,1367
1577585897697,1362
1577274489762,1340
1577215791246,1334
1577476137248,1265
1577588543481,1014
1577533523322,1465
1577466662309,1353
1577265664535,1360
1577297216197,1246
1577275061712,1330
1577511102239,1291
1577433961794,1162
1577302064717,1355
1577439183761,1031
1577218209260,1324
1577411569376,1240
1577513952904,1059
1577249400348,1464
1577450584451,1278
1577201851655,1312
1577371148771,1299
1577591144863,1082
1577212210898,1169
1577473869997,1028
1577179954660,1084
1577563379245,1291
1577414338806,1357
1577198913372,1193
1577364521467,1417
1577345666596,1362
1577458461087,1488
1577327220020,1325
1577514446420,1252
1577261756161,1226
1577209764968,1276
1577501264206,1272
1577273877887,1434
1577407863239,1144
1577208091690,1309
1577530252577,1205
1577561229091,1490
1577510964896,1216
1577553782980,1334
1577180344401,1431
1577437911207,1065
1577280502936,1450
1577342365196,1287
1577361547484,1273
1577447738983,1075
1577354581245,1402
1577552374041,1414
1577290579911,1303
1577232270876,1355
1577255372958,1385
1577383600784,1005
1577455512180,1135
1577571942790,1444
1577221702002,1043
1577365233604,1391
1577184226409,1055
1577480596283,1004
1577453118892,1054
1577248020462,1099
1577490943666,1064
1577359862122,1377
1577333849732,1198
1577549875503,1304
1577391087103,1139
1577528041935,1042
1577386474421,1451
1577595923481,1303
1577420635332,1349
1577377580600,1149
1577350696373,1413
1577399299946,1218
1577351124239,1085
1577507198654,1137
1577403146323,1492
1577567007148,1086
1577439153030,1285
1577344971143,1183
1577418350494,1215
1577565108825,1193
1577277992990,1411
1577324056892,1234
1577203639186,1069
1577291767984,1137
1577498213373,1342
1577352792331,1486
1577513532381,1361
1577265155710,1018
1577275110284,1281
1577359466340,1273
1577305680249,1191
1577452184197,1226
1577421008148,1412
1577560022692,1241
1577577986770,1442
1577447772603,1307
1577418939413,1198
1577550432247,1402
1577508425771,1266
1577434917421,1450
1577587972051,1137
1577231475900,1218
1577503346797,1299
1577405961822,1497
1577335391673,1016
1577405652371,1315
1577316814168,1420
1577407719245,1311
1577374439338,1047
1577342466810,1306
1577498434324,1371
1577528424406,1356
1577369648322,1285
1577411792749,1119
1577387752317,1073
1577483888143,1016
1577561985614,1453
1577545438555,1278
1577217712406,1017
1577228582918,1497
1577609944579,1433
1577327094589,1277
1577555397525,1341
1577288950016,1123
1577269435239,1261
1577375502589,1189
1577236516982,1105
1577601743305,1012
1577360527113,1098
1577276043246,1278
1577311867957,1254
1577319069089,1194
1577373526655,1388
1577200064529,1078
1577208967262,1126
1577542728353,1162
1577187190240,1125
1577219462030,1311
1577417685080,1056
1577407475750,1153
1577247463596,1301
1577262808052,1441
1577268418673,1229
1577383154374,1076
1577597960803,1195
1577387967524,1449
1577202303105,1343
1577570654133,1391
1577495809234,1407
1577560117910,1426
1577295517397,1252
1577299420955,1381
1577528433729,1215
1577258142807,1500
1577434228615,1041
1577405046767,1352
1577344259237,1085
1577590268461,1172
1577365629470,1037
1577460522620,1105
1577386280393,1297
1577386746717,1077
1577555070007,1162
1577408488753,1492
1577499358016,1274
1577416950323,1032
1577441967501,1353
1577402255130,1456
1577384711928,1284
1577404454727,1372
1577596225338,1479
1577331497295,1423
1577316351986,1009
1577262917471,1076
1577420271859,1096
1577331550954,1115
1577373346947,1387
1577464933628,1032
1577376217876,1099
1577298128916,1381
1577338681565,1139
1577542749202,1109
1577594264383,1279
1577362282666,1380
1577280157006,1137
1577394531360,1493
1577471396496,1117
1577525981776,1327
1577449572924,1022
1577246504781,1356
1577568674588,1062
1577190061260,1256
1577554512830,1076
1577493370017,1301
1577420888147,1498
1577501777322,1464
1577554587617,1288
1577404087903,1094
1577417112161,1165
1577199651750,1419
1577341478397,1285
1577197083757,1374
1577282133152,1365
1577602480595,1124
1577303702396,1420
1577182737315,1122
1577181260303,1143
1577543944482,1033
1577492502806,1080
1577408783868,1158
1577517725783,1316
1577396110248,1137
1577566966922,1096
1577391102086,1363
1577234416972,1464
1577607120681,1280
1577393190402,1238
1577326318249,1103
1577221664111,1186
1577377810008,1101
1577511122194,1478
1577485767812,1429
1577214796048,1050
1577192150786,1197
1577455519465,1155
1577248908146,1038
1577235641319,1404
1577219660325,1020
1577203098667,1477
1577570807857,1314
1577526560529,1326
1577586493570,1337
1577587331247,1344
1577448139383,1442
1577221518649,1001
1577526943673,1122
1577245742237,1192
1577212310498,1004
1577357426813,1247
1577341334855,1289
1577376435462,1241
1577599478509,1151
1577417579555,1020
1577606038404,1001
1577496004993,1473
1577474165840,1212
1577471078093,1256
1577316971803,1500
1577264405768,1317
1577404868098,1364
1577324805522,1256
1577589495294,1038
1577311455526,1317
1577598306434,1135
1577326427282,1410
1577361932866,1151
1577518835831,1388
1577248890820,1342
1577378708396,1264
1577233695801,1281
1577382871617,1253
1577604789474,1328
1577341731822,1217
1577359649420,1021
1577602064758,1148
1577610198991,1301
1577319366698,1390
1577540658776,1070
1577403323744,1114
1577374835522,1240
1577470211334,1443
1577467146852,1038
1577531874072,1077
1577430820686,1094
1577340221020,1402
1577211740437,1454
1577524070403,1359
1577276807959,1300
1577570478816,1328
1577594023564,1065
1577378175277,1150
1577442266230,1395
1577455510106,1456
1577552158327,1313
1577259472403,1048
1577378379103,1182
1577519203028,1068
1577458439134,1366
1577416794775,1065
1577237763224,1142
1577527739824,1324
1577595467006,1236
1577553555172,1108
1577587961748,1354
1577220522129,1424
1577219450968,1134
1577483103810,1053
1577446557238,1344
1577490067118,1223
1577441489416,1098
1577442957347,1008
1577262410797,1086
1577469748959,1163
1577461582380,1477
1577543414431,1303
1577471517751,1234
1577605837731,1246
1577317461901,1264
1577429146073,1333
1577282885948,1071
1577602008369,1179
1577453244663,1250
1577271226557,1042
1577377493284,1033
1577313720734,1180
1577331210914,1016
1577509063014,1489
1577385131237,1126
1577251269881,1270
1577398057350,1242
1577303590730,1374
1577456777214,1334
1577283287427,1061
1577191442995,1023
1577399390472,1168
1577319006173,1001
1577452598246,1396
1577439495394,1385
1577519800188,1456
1577200869225,1375
1577424645887,1013
1577384787918,1482
1577553860277,1088
1577378465707,1391
1577252489962,1024
1577297853079,1374
1577379698296,1364
1577542443544,1242
1577217070647,1037
1577520852051,1262
1577516647740,1454
1577382182410,1090
1577529488189,1043
1577366570153,1172
1577310258925,1173
1577209593024,1281
1577427171275,1036
1577358752289,1351
1577507799032,1134
1577455493893,1224
1577380893198,1055
1577241130072,1082
1577365569092,1499
1577200186814,1027
1577403260435,1373
1577308940095,1020
1577534604355,1059
1577411119009,1257
1577385657114,1338
1577484759766,1029
1577517758522,1183
1577457621596,1078
1577342332320,1305
1577455141534,1353
1577444043144,1223
1577536731446,1010
1577328997671,1455
1577583085748,1468
1577513694140,1258
1577413217715,1493
1577186871318,1328
1577208512516,1038
1577253203707,1459
1577207572424,1284
1577551702089,1047
1577541529164,1154
1577269556898,1424
1577275472194,1098
1577378973959,1109
1577279641539,1375
1577273318790,1452
1577222649042,1050
1577185880583,1083
1577387947545,1259
1577562446818,1349
1577464635149,1112
1577323568188,1226
1577538088606,1084
1577247036088,1023
1577281640307,1500
1577582221197,1195
1577272470033,1123
1577323850565,1318
1577374150842,1293
1577222470490,1374
1577287537454,1090
1577608746698,1095
1577488657150,1156
1577354400570,1473
1577263091482,1284
1577289102614,1019
1577511287392,1122
1577517788983,1139
1577300006572,1431
1577371584526,1254
1577410450788,1275
1577241266057,1334
1577495816582,1261
1577186083324,1222
1577396345696,1166
1577481131402,1035
1577557926966,1247
1577608966364,1264
1577585252888,1448
1577242583229,1334
1577256488691,1292
1577529557473,1319
1577577114238,1275
1577260119660,1472
1577367297275,1262
1577347455432,1469
1577200741728,1422
1577199825474,1232
1577285047061,1251
1577224229819,1334
1577307786847,1500
1577449707869,1348
1577247368937,1442
1577391009341,1201
1577535017726,1371
1577427891845,1289
1577260950383,1404
1577575385712,1461
1577594943253,1352
1577434318122,1235
1577532375315,1352
1577369137313,1015
1577552149621,1422
1577469933635,1182
1577240203009,1131
1577434251264,1453
1577542089677,1407
1577410739932,1214
1577509177986,1357
1577353649206,1262
1577249354910,1386
1577270244291,1064
1577412591477,1404
1577588884479,1097
1577314564593,1197
1577503899196,1132
1577295047144,1171
1577382589916,1342
1577292142893,1362
1577443536824,1066
1577453771048,1225
1577446842982,1018
1577312304557,1348
1577479082713,1217
1577526515081,1399
1577190254438,1063
1577246000666,1053
1577262316943,1114
1577529374165,1488
1577566900438,1156
1577519684951,1271
1577258667127,1445
1577451891389,1493
1577590799089,1097
1577290996056,1041
1577502301369,1326
1577456016311,1398
1577467946551,1129
1577464351320,1263
1577440025296,1265
1577446605023,1147
1577383391493,1409
1577421518506,1076
1577458297697,1188
1577581510002,1333
1577502458397,1228
1577451037231,1188
1577582336149,1231
1577349952824,1382
1577340383267,1115
1577483831520,1306
1577301095105,1139
1577477921724,1076
1577255443713,1083
1577233496464,1072
1577234225443,1337
1577573534915,1232
1577402855316,1387
1577223313702,1364
1577520004685,1113
1577511312123,1058
1577241593652,1114
1577301700367,1483
1577313887528,1074
1577460656414,1444
1577192872870,1016
1577391050954,1248
1577470523360,1206
1577579824839,1271
1577294366246,1208
1577364816698,1277
1577355978116,1187
1577258078775,1138
1577246333762,1166
1577474752708,1215
1577548563837,1199
1577458184839,1024
1577437116017,1428
1577224768940,1132
1577514570345,1358
1577448319066,1125
1577242622787,1478
1577277449790,1019
1577554096330,1099
1577432323051,1112
1577212041524,1127
1577406849954,1411
1577514590371,1407
1577278882460,1339
1577282587699,1275
1577438539778,1431
1577490293734,1298
1577524312016,1284
1577241056197,1266
1577218403605,1145
1577267697533,1039
1577312697030,1465
1577384519262,1453
1577274966303,1285
1577444812180,1253
1577431348911,1321
1577535377197,1030
1577279690582,1088
1577496956143,1220
1577342158991,1290
1577510194245,1282
1577449034094,1315
1577358397644,1147
1577498240154,1263
1577418699050,1045
1577388196595,1141
1577507137749,1286
1577388945916,1452
1577463517614,1327
1577195197985,1002
1577405981623,1296
1577458452876,1211
1577547128129,1180
1577356580221,1425
1577428682501,1324
1577556905565,1036
1577412435579,1066
1577539259953,1002
1577271644917,1494
1577339998444,1225
1577467644125,1316
1577213836043,1172
1577265421551,1215
1577562615864,1494
1577255248506,1377
1577491485871,1295
1577609771869,1256
1577341485280,1134
1577275883842,1490
1577535519345,1427
1577475965095,1284
1577580697276,1420
1577557853925,1022
1577374805806,1474
1577515001165,1195
1577535898253,1229
1577473742768,1131
1577270523080,1181
1577485269774,1060
1577410172486,1484
1577242131234,1434
1577228750403,1224
1577380992413,1097
1577407224753,1061
1577264267783,1162
1577499397289,1168
1577535998079,1066
1577248090597,1428
1577547107304,1142
1577284048305,1300
1577186244233,1434
1577501968642,1173
1577413420854,1445
1577485436741,1244
1577319875390,1195
1577465899738,1454
1577243381110,1231
1577282714717,1272
1577610960324,1351
1577417699605,1254
1577332870191,1065
1577362403287,1188
1577535492079,1142
1577449331572,1123
1577553839657,1190
1577282683221,1169
1577297643033,1398
1577266981975,1341
1577427074541,1380
1577479997409,1003
1577278161316,1088
1577269669157,1134
1577350110865,1454
1577391531048,1422
1577196631805,1179
1577287450113,1149
1577566785016,1023
1577364518724,1127
1577324933059,1018
1577368031494,1345
1577428536318,1419
1577433690021,1464
1577352063022,1241
1577282748805,1075
1577543573544,1216
1577352783169,1246
1577350224656,1162
1577602341950,1159
1577191819733,1347
1577363527278,1451
1577383314093,1371
1577307187446,1472
1577536923492,1463
1577486893137,1037
1577417608371,1103
1577355195209,1483
1577388153089,1369
1577550576059,1442
1577517475306,1201
1577523675704,1246
1577190167479,1166
1577447367669,1117
1577289236927,1337
1577334414093,1141
1577187529071,1461
1577314676704,1300
1577480921447,1298
1577314651470,1455
1577384321766,1365
1577266497918,1430
1577265773410,1017
1577279562955,1043
1577548534681,1024
1577530925706,1016
1577401527174,1168
1577206489402,1330
1577260099165,1454
1577286912626,1264
1577589892416,1449
1577405179683,1351
1577190891597,1041
1577485440832,1317
1577344703219,1373
1577491818375,1334
1577537453737,1258
1577575835506,1342
1577503925516,1142
1577550361325,1367
1577402755822,1017
1577423873468,1492
1577262272337,1340
1577231530116,1471
1577344958221,1074
1577336402952,1187
1577214240386,1038
1577198060141,1361
1577391230106,1459
1577455300591,1212
1577193954537,1424
1577266785982,1191
1577335775082,1374
1577520854012,1427
1577454083947,1429
1577607800343,1102
1577597134829,1387
1577565208868,1370
1577292402234,1295
1577538305383,1123
1577181540530,1214
1577425389617,1080
1577325825053,1435
1577577490303,1204
1577315359580,1340
1577488639246,1059
1577355910259,1221
1577377314010,1416
1577249118577,1340
1577428899814,1121
1577497061177,1375
1577548674567,1326
1577550937327,1175
1577562343332,1125
1577416215077,1007
1577542870068,1244
1577524261499,1215
1577502516768,1285
1577466901365,1431
1577533304640,1481
1577246432495,1119
1577502678183,1388
1577566221019,1368
1577448101197,1059
1577422284331,1213
1577505738430,1346
1577439927605,1232
1577477944427,1061
1577199186113,1150
1577215751800,1224
1577347299398,1143
1577468174939,1497
1577405031020,1329
1577403303176,1121
1577573866299,1429
1577554145165,1032
1577501181914,1243
1577480761608,1284
1577350576405,1358
1577322441682,1451
1577187531206,1364
1577187453586,1141
1577488222074,1243
1577563087404,1244
1577587409220,1332
1577416469652,1465
1577246086860,1382
1577577514599,1098
1577449593782,1184
1577255877964,1283
1577580101239,1151
1577269476835,1396
1577456126912,1061
1577546142651,1056
1577526240449,1325
1577514230740,1416
1577332063233,1423
1577449225350,1001
1577325447406,1467
1577255757161,1366
1577267180333,1046
1577230992250,1110
1577300445384,1046
1577492579880,1413
1577388752804,1241
1577251970945,1458
1577371195917,1390
1577319227125,1324
1577514100653,1144
1577577246932,1327
1577317104485,1390
1577219442538,1428
1577210772266,1299
1577569441285,1426
1577273494343,1253
1577509634454,1024
1577202620735,1454
1577544240860,1170
1577352111656,1067
1577202490614,1032
1577322456049,1021
1577357817186,1135
1577222428560,1248
1577243973330,1134
1577568930459,1352
1577540055393,1493
1577231431065,1077
1577394803541,1245
1577259644578,1343
1577552331456,1217
1577455855761,1199
1577297229288,1428
1577508053300,1454
1577530009508,1465
1577284796935,1185
1577276226696,1214
1577308277846,1283
1577377286559,1359
1577574511026,1395
1577355173771,1463
1577237014444,1138
1577187934678,1191
1577378089370,1317
1577374961774,1447
1577518009258,1400
1577241775212,1401
1577218523077,1115
1577459534980,1349
1577558803750,1049
1577329301916,1130
1577507059760,1329
1577193388759,1121
1577582906801,1378
1577336081055,1429
1577444347555,1088
1577383492487,1319
1577484535702,1098
1577330426814,1376
1577309337536,1084
1577406974276,1322
1577400626099,1203
1577603305754,1366
1577284328123,1060
1577384968281,1249
1577346495117,1235
1577384398102,1067
1577249222822,1348
1577182466842,1391
1577420385531,1317
1577592605547,1246
1577337185959,1328
1577522438483,1166
1577246114755,1014
1577564745023,1112
1577508831888,1491
1577470106063,1410
1577245627888,1003
1577274371850,1421
1577203115059,1409
1577365361351,1116
1577433962098,1472
1577191099139,1097
1577180171246,1222
1577204533112,1025
1577328912900,1487
1577265278142,1214
1577605327210,1150
1577497657602,1107
1577258482103,1100
1577356254136,1412
1577249276899,1041
1577458105155,1393
1577465049324,1415
1577212421373,1359
1577331937734,1434
1577547926037,1497
1577214294536,1500
1577560066297,1262
1577302194145,1183
1577352505713,1160
1577488018887,1169
1577260988143,1399
1577333262393,1317
1577496332490,1313
1577356469634,1355
1577417256036,1198
1577198273266,1194
1577368449936,1311
1577512191915,1040
1577396689430,1044
1577532845879,1436
1577373876175,1448
1577455303007,1122
1577435705495,1389
1577350969717,1114
1577441196909,1290
1577604012939,1389
1577363339662,1003
1577438870169,1394
1577560828932,1251
1577251716617,1443
1577306658079,1076
1577340436563,1111
1577597697396,1286
1577451492836,1234
1577536248936,1052
1577463342760,1014
1577304941258,1026
1577200671047,1268
1577548309149,1422
1577202280308,1184
1577475214582,1005
1577217143254,1396
1577555073349,1172
1577497596721,1396
1577603465484,1083
1577192070460,1481
1577209535657,1056
1577545525978,1192
1577587969981,1409
1577587170971,1017
1577326045401,1282
1577598432674,1093
1577359967090,1052
1577558366743,1201
1577292614698,1121
1577556863842,1443
1577417550631,1452
1577503375216,1056
1577537635780,1000
1577434676706,1365
1577567814078,1292
1577481449827,1478
1577337887399,1374
1577487486438,1216
1577598647029,1017
1577367250594,1133
1577543752520,1341
1577326614461,1222
1577417560068,1363
1577324916773,1256
1577389474017,1181
1577448505396,1260
1577188674146,1485
1577257859042,1212
1577474356441,1457
1577522634858,1007
1577335854736,1011
1577524336156,1443
1577465831299,1080
1577541108917,1453
1577466588794,1426
1577520681704,1298
1577214621235,1345
1577570672072,1110
1577342219583,1369
1577244954818,1014
1577507417002,1034
1577458436287,1486
1577446495068,1042
1577358668458,1130
1577182447209,1498
1577574447912,1481
1577276666314,1190
1577545025344,1244
1577495466597,1205
1577207168944,1270
1577181313591,1070
1577553932826,1436
1577527950275,1121
1577245478248,1118
1577327650012,1399
1577420212107,1033
1577407982176,1440
1577571227197,1494
1577222954458,1360
1577291331484,1410
1577222813293,1310
1577267059109,1416
1577487064965,1226
1577448232916,1360
1577303835525,1402
1577367739678,1023
1577465501292,1001
1577279780332,1342
1577518720851,1292
1577449484883,1451
1577420669134,1022
1577223869376,1353
1577257809025,1177
1577609936500,1435
1577500258744,1262
1577378656102,1160
1577498431840,1039
1577261384907,1433
1577429557975,1264
1577228923107,1253
1577508285678,1070
1577243723806,1256
1577268978371,1089
1577500057624,1447
1577182923920,1281
1577213887111,1294
1577585941746,1310
1577321550463,1164
1577593704583,1085
1577511552541,1396
1577386510230,1060
1577312883235,1466
1577481569313,1343
1577491485142,1108
1577331805559,1188
1577492115649,1035
1577584817472,1469
1577318417406,1416
1577354308084,1447
1577182971874,1141
1577320713220,1344
1577549929194,1081
1577200327218,1482
1577187817357,1347
1577405416040,1130
1577396061162,1016
1577250074597,1067
1577467221068,1202
1577575947605,1438
1577568128618,1305
1577400527287,1001
1577252351034,1418
1577237045635,1129
1577342100046,1047
1577278996618,1060
1577440451928,1391
1577336912440,1098
1577562084516,1131
1577339946159,1257
1577239522606,1302
1577503709311,1268
1577423714814,1288
1577601211148,1412
1577605501537,1459
1577592351286,1433
1577474624172,1027
1577322324101,1170
1577195987454,1180
1577260958448,1375
1577547196509,1044
1577200878453,1472
1577512070395,1449
1577264324499,1198
1577405169265,1370
1577225037422,1005
1577364641399,1084
1577524960175,1019
1577508622202,1301
1577353286519,1474
1577217999216,1190
1577333052034,1146
1577390872565,1036
1577462105716,1460
1577240256434,1268
1577449803856,1013
1577302338264,1278
1577280495703,1252
1577426692408,1484
1577585101530,1191
1577407208172,1441
1577435147904,1172
1577507114620,1403
1577215586139,1359
1577550981497,1436
1577392640285,1430
1577193330248,1404
1577560214533,1471
1577418189902,1417
1577294785926,1048
1577518244784,1007
1577515681681,1256
1577340084171,1232
1577430576843,1272
1577253416675,1085
1577483173245,1171
1577180024028,1496
1577323493239,1041
1577487813810,1398
1577247307326,1317
1577360197003,1002
1577401468522,1061
1577399305892,1091
1577346616569,1347
1577367315113,1253
1577423342517,1488
1577444976027,1438
1577535891724,1159
1577250891469,1137
1577576251707,1337
1577324962488,1170
1577233481975,1158
1577369216765,1006
1577180347929,1333
1577316319571,1078
1577477601096,1085
1577538852301,1102
1577226593007,1431
1577414423580,1110
1577479985580,1173
1577581225644,1079
1577434000162,1352
1577505212571,1362
1577536015388,1104
1577591601394,1491
1577390494926,1061
1577321541255,1482
1577520275365,1037
1577279148593,1240
1577349615433,1380
1577409896171,1189
1577539780553,1157
1577213991162,1120
1577288828478,1407
1577237080707,1450
1577203888115,1403
1577531190112,1036
1577444150420,1400
1577244294225,1384
1577206148621,1339
1577466471968,1240
1577333028086,1126
1577237440581,1129
1577459360782,1377
1577267962609,1185
1577454619550,1176
1577306212901,1061
1577340200639,1326
1577413754656,1183
1577466949545,1363
1577404485462,1185
1577303307791,1351
1577455188763,1058
1577578696571,1035
1577340367674,1291
1577499530631,1313
1577556426432,1271
1577432462242,1379
1577495598623,1360
1577350391603,1194
1577370868276,1199
1577193650294,1158
1577606154204,1250
1577279118392,1478
1577362347937,1190
1577289970537,1426
1577372664014,1089
1577545955658,1266
1577446914298,1457
1577266474568,1052
1577297892390,1292
1577278493832,1488
1577425069580,1128
1577445367823,1001
1577311180484,1107
1577436931060,1215
1577520094752,1295
1577467618595,1346
1577547655414,1389
1577315602436,1213
1577211651842,1393
1577429630084,1003
1577518908132,1068
1577525463878,1012
1577547436526,1169
1577275680680,1319
1577386893314,1022
1577518474536,1288
1577246331491,1339
1577500963716,1224
1577345623285,1218
1577308778489,1334
1577596858172,1015
1577544460270,1167
1577494083882,1369
1577184985699,1191
1577489159151,1371
1577346096519,1084
1577468234594,1232
1577240148547,1079
1577513752569,1257
1577260051238,1283
1577572074221,1138
1577468036410,1244
1577515517225,1130
1577200361421,1463
1577423897550,1128
1577316977881,1251
1577227776289,1486
1577571337628,1054
1577527282245,1159
1577413729021,1136
1577310160563,1202
1577581730290,1070
1577587324197,1225
1577544000401,1422
1577388857040,1365
1577252465665,1469
1577455720395,1328
1577321567821,1322
1577585886058,1404
1577302083780,1084
1577381756810,1004
1577342550911,1160
1577608925672,1439
1577522954379,1092
1577299647707,1174
1577320452313,1329
1577186369331,1075
1577228494256,1482
1577491183095,1251
1577496223842,1417
1577410476935,1108
1577422333067,1415
1577403851344,1135
1577519017949,1294
1577578859152,1012
1577381220470,1165
1577300557480,1107
1577280767428,1087
1577339055264,1072
1577480595432,1127
1577526225661,1111
1577539728751,1244
1577267988959,1217
1577388812872,1452
1577479238845,1090
1577365529842,1244
1577503529103,1403
1577558029813,1441
1577491851133,1045
1577426541143,1134
1577349214366,1207
1577397512185,1284
1577341319472,1133
1577585821850,1101
1577550698898,1259
1577331197685,1200
1577524950766,1388
1577388595795,1437
1577239312832,1374
1577222860048,1229
1577481427343,1161
1577552712136,1241
1577238677590,1472
1577535807877,1336
1577377916166,1275
1577452235260,1385
1577443062878,1268
1577558799080,1013
1577431323451,1286
1577397329334,1121
1577591212411,1146
1577431422674,1373
1577234715897,1089
1577480997912,1032
1577339944323,1254
1577423891522,1419
1577188559187,1199
1577242432242,1463
1577358859374,1186
1577461173183,1284
1577225298733,1424
1577582953994,1293
1577233361606,1361
1577477597900,1101
1577223542163,1396
1577216463674,1464
1577431400300,1490
1577276439373,1245
1577203049552,1088
1577385534793,1303
1577523357732,1499
1577237868778,1157
1577422934617,1275
1577186099233,1451
1577570601041,1175
1577597941484,1330
1577257728854,1310
1577446784001,1111
1577483340364,1325
1577586680438,1438
1577607638489,1363
1577272211606,1350
1577384585400,1210
1577405533868,1350
1577210090486,1488
1577357207235,1287
1577456512336,1372
1577214822431,1437
1577425836015,1117
1577199683031,1458
1577259786392,1459
1577296233963,1328
1577510921092,1093
1577260053815,1417
1577491707280,1114
1577501588607,1093
1577232865417,1422
1577411289471,1023
1577542842109,1444
1577416373852,1439
1577294286855,1221
1577311430691,1216
1577493071641,1279
1577249292061,1269
1577247779531,1325
1577272145323,1301
1577410193825,1248
1577224508899,1395
1577555804524,1459
1577513025074,1409
1577425679544,1493
1577581772149,1382
1577244411955,1258
1577391173966,1035
1577288489954,1334
1577356688826,1010
1577221870432,1448
1577382336168,1256
1577575671856,1162
1577251512563,1046
1577527246395,1059
1577455816355,1135
1577599935399,1195
1577424037857,1415
1577428402711,1322
1577560681804,1103
1577593882501,1388
1577543925438,1344
1577407186390,1006
1577302698313,1376
1577418601131,1471
1577578936808,1029
1577253131302,1307
1577478302693,1015
1577303219707,1483
1577275352940,1246
1577280527677,1488
1577285843405,1357
1577249859467,1486
1577223567986,1181
1577468058281,1326
1577340321482,1089
1577389933524,1410
1577344152819,1135
1577477093698,1130
1577278712031,1186
1577200368823,1336
1577244356219,1444
1577266988187,1225
1577332806248,1070
1577568460989,1372
1577228518497,1433
1577316795660,1262
1577268647563,1020
1577245992794,1325
1577513319839,1452
1577486292490,1377
1577250393440,1252
1577390219531,1186
1577600945621,1190
1577515860446,1293
1577188629745,1115
1577380424464,1045
1577369791206,1336
1577188613973,1373
1577273974009,1081
1577197600270,1004
1577452356486,1094
1577436194400,1315
1577460089565,1095
1577353961991,1170
1577555689732,1220
1577323037927,1071
1577216873026,1255
1577423398605,1316
1577223815046,1299
1577605312229,1482
1577213548697,1483
1577201604500,1400
1577474094921,1464
1577199803932,1190
1577403550845,1424
1577230846656,1358
1577435426045,1437
1577378088835,1125
1577295371732,1344
1577191644091,1119
1577239152783,1354
1577426190566,1257
1577451084623,1499
1577609238052,1393
1577552758703,1238
1577532381161,1415
1577361305349,1025
1577490319984,1015
1577471342381,1474
1577285586225,1013
1577429386080,1413
1577532908284,1114
1577372986342,1413
1577444020620,1052
1577228156634,1028
1577213774633,1468
1577290701051,1435
1577514306514,1090
1577475380348,1182
1577474478178,1212
1577562820460,1140
1577604301659,1322
1577207578859,1361
1577229314143,1202
1577428143415,1010
1577270745227,1200
1577509610559,1209
1577182835099,1093